0.01000001 -1.0E-4 -9.999990000000002E-9
0.03 -5.000001963998015E-4 -0.020000019819999985
0.05 -0.0012968008595527361 -0.039840033157646726
0.07 -0.00248722930806491 -0.059521422425608685
0.09 -0.004068141508742216 -0.07904561003386533
0.11000001 -0.006036422783867757 -0.09841401454926978
0.13 -0.0027662058592194923 0.16351092798787714
0.15 0.0057008061862589875 0.4233506022739242
0.17 0.019325615568279116 0.6812404691010059
0.19 0.038074268688234575 0.9374326559977735
0.21000001 0.06191812213684792 1.19219207633463
0.23 0.08658081254468855 1.2331351369595986
0.25 0.11205946938130466 1.2739328418308062
0.27 0.138351554832694 1.3146042725694662
0.29 0.16545493076691378 1.355168796710991
0.31000001 0.19336786515141163 1.3956460214018809
0.33 0.2215442754105829 1.408821217369171
0.35 0.2499854509091384 1.422058774927777
0.37 0.27869297646501306 1.435376277793732
0.39 0.30766879397633257 1.4487908755659737
0.41000001 0.33691519361500805 1.4623192507741476
0.43 0.36614792936973567 1.461637518555143
0.45 0.3953711100358481 1.4611590333056188
0.47 0.4245891023270373 1.4608996145594633
0.49 0.453806584797978 1.4608741235470333
0.51000001 0.4830285287356151 1.4610964663336252
0.53 0.5120106629488533 1.4491074352156246
0.55 0.5407594900813446 1.4374413566245623
0.57 0.569281693654788 1.4261101786721753
0.59 0.5975841845679464 1.4151245456579185
0.61000001 0.6256740754715766 1.4044938429345855
0.63 0.6533380526507553 1.3831995505587114
0.65 0.6805844678227054 1.3623207585975061
0.67 0.7074217525846785 1.3418642380986545
0.69 0.733858459248648 1.3218353331984796
0.71000001 0.7599032331370761 1.3022380433023777
0.73 0.7853767609644856 1.2736770282089924
0.75 0.8102886123144237 1.2455925674969048
0.77 0.8346483337769135 1.2179860731244874
0.79 0.8584654860753526 1.1908576149219519
0.81000001 0.8817496182759208 1.1642060279254007
0.83 0.9043575418439224 1.1303967435984519
0.85 0.9262994281268752 1.0970943141476388
0.87 0.9475853394697396 1.0642955671432188
0.89 0.968225263748413 1.0319962139336716
0.91000001 0.9882290930884385 1.0001909669057956
0.93 1.0074903782092144 0.9630647375711575
0.95 1.0260193668958897 0.9264494343337691
0.97 1.043826138649421 0.8903385876765638
0.99 1.0609206363832797 0.8547248866929361
1.01000001 1.0773126504019213 0.8196002911319333
1.03 1.0929317495568507 0.7809553482241425
1.05 1.1077878477935066 0.7428049118327944
1.07 1.1218906569461637 0.7051404576328573
1.09 1.1352497139034854 0.6679528478660818
1.11000001 1.1478743687190607 0.6312324251625531
1.13 1.1597283131652116 0.5926975186563113
1.15 1.170820800418927 0.5546243626857734
1.17 1.1811608621274687 0.5170030854270808
1.19 1.1907573284851203 0.4798233178825768
1.21000001 1.199618818219382 0.44307426517595927
1.23 1.207740203617291 0.4060694729301831
1.25 1.215129767668478 0.3694782025593476
1.27 1.221795553788611 0.33328930600664525
1.29 1.227745377245145 0.2974911728267024
1.31000001 1.2329868157140416 0.26207179240893314
1.33 1.237542098489686 0.22776425266435255
1.35 1.2414182069240471 0.19380542171805165
1.37 1.2446218646224223 0.16018288491875796
1.39 1.247159541559401 0.12688384684893658
1.41000001 1.2490374465573877 0.09389520295173163
1.43 1.2503007541326647 0.06316541034655761
1.45 1.2509548392321557 0.03270425497454707
1.47 1.2510048146889607 0.0024987728402536802
1.49 1.2504555309591083 -0.027464186492620588
1.51000001 1.2493115727319601 -0.057197882758468224
1.53 1.247636456222614 -0.08375586734523544
1.55 1.2454337778252307 -0.11013391986917077
1.57 1.2427068940648842 -0.13634418801732318
1.59 1.2394589183151865 -0.1623987874848852
1.61000001 1.2356927217118665 -0.18830973601113263
1.63 1.2314857003653086 -0.2103511725034841
1.65 1.2268396877235344 -0.2323006320887109
1.67 1.221756323723151 -0.25416820001916673
1.69 1.2162370480275053 -0.27596378478228467
1.71000001 1.210283103669769 -0.2976970690382826
1.73 1.2039815976930017 -0.31507545637609014
1.75 1.1973327697692815 -0.3324413961860115
1.77 1.1903367244470977 -0.34980226610918896
1.79 1.1829934203596308 -0.36716520437334277
1.81000001 1.1753026750311162 -0.3845370741571967
1.83 1.1673574472302957 -0.39726158867181877
1.85 1.1591566347920856 -0.4100406219105009
1.87 1.1506990598227855 -0.422878748465005
1.89 1.141983454042574 -0.4357802890105833
1.91000001 1.1330084638637596 -0.44874928456606933
1.93 1.1238693372879067 -0.4569565572709278
1.95 1.114563907053436 -0.46527151172353026
1.97 1.105089984119396 -0.4736961467020069
1.99 1.0954453398330908 -0.48223221431525864
2.01000001 1.0856277108680665 -0.4908812028106067
2.03 1.0757313780833346 -0.4948168866450473
2.05 1.0657533765210845 -0.49890007811250703
2.07 1.0556907649376477 -0.5031305791718395
2.09 1.0455406056762646 -0.5075079630691532
2.11000001 1.0352999692493905 -0.5120315653279243
2.13 1.025059253158107 -0.5120360605821987
2.15 1.0148149356633385 -0.5122158747384304
2.17 1.0045635546164675 -0.5125690523435473
2.19 0.9943016859274644 -0.5130934344501565
2.21000001 0.9840259476424459 -0.5137866573575968
2.23 0.9738203230626918 -0.5102814841284424
2.25 0.9636809406585016 -0.5069691202095101
2.27 0.9536040145977533 -0.5038463030374136
2.29 0.9435858226577336 -0.5009095970009865
2.31000001 0.9336227096939934 -0.4981553991093113
2.33 0.9237901441536396 -0.49162852283195113
2.35 0.9140840761909014 -0.4853033981369099
2.37 0.904500558564718 -0.479175881309168
2.39 0.8950357247956353 -0.47324168845413417
2.41000001 0.8856857919818093 -0.46749640694309813
2.43 0.8765160804837375 -0.45848580414648904
2.45 0.8675225006718842 -0.4496789905926664
2.47 0.8587010744082119 -0.441071313183616
2.49 0.8500479141975589 -0.432658010532649
2.51000001 0.8415592253753321 -0.4244342288942241
2.53 0.8332890393272758 -0.41350950915757684
2.55 0.8252333378508546 -0.40278507382106
2.57 0.8173882167366803 -0.392256055708717
2.59 0.8097498665899744 -0.38191750733529395
2.61000001 0.8023145744712133 -0.3717644200558427
2.63 0.7951244429806993 -0.35950675427907886
2.65 0.7881756164618638 -0.3474413259417716
2.67 0.7814643511871016 -0.33556326373811424
2.69 0.7749869984132142 -0.32386763869436924
2.71000001 0.7687400055813566 -0.31234948541813745
2.73 0.7627533969659152 -0.29933058043736027
2.75 0.7570235574032861 -0.28649197813145316
2.77 0.751546978683366 -0.27382893599600644
2.79 0.7463202452496405 -0.26133667168627395
2.81000001 0.7413400350510114 -0.24901038542625994
2.83 0.7366246022928872 -0.23577175579208945
2.85 0.7321706417166222 -0.22269802881325054
2.87 0.7279749483144994 -0.2097846701061388
2.89 0.7240344059058856 -0.1970271204306871
2.91000001 0.7203459876926367 -0.18442081845203842
2.93 0.7169168900493814 -0.171454967890247
2.95 0.7137441796249467 -0.15863552122173372
2.97 0.7108250154831356 -0.14595820709055726
2.99 0.7081566406118565 -0.13341874356395655
3.01000001 0.7057363821919044 -0.12101286049117409
3.03 0.7035614235494116 -0.10874798649863175
3.05 0.7016292556489244 -0.09660839502436117
3.07 0.6999374530309952 -0.08459013089646132
3.09 0.6984836681704095 -0.07268924302928352
3.11000001 0.6972656314484611 -0.060901805646518474
3.13 0.6962718082879569 -0.04969118287080253
3.15 0.6955001528864897 -0.03858277007335872
3.17 0.6949486931275126 -0.027572987948853964
3.19 0.6946155276063845 -0.016658276056408225
3.21000001 0.6944988253030266 -0.005835112250334258
3.23 0.6945797945659994 0.00404846517286962
3.25 0.6948568747448023 0.01385400894014509
3.27 0.6953285679669086 0.023584661105313633
3.29 0.6959934385858163 0.033243530945387095
3.31000001 0.6968501125707101 0.04283367782784878
3.33 0.6978740876920927 0.05119878166852246
3.35 0.6990642917313553 0.059510201963131004
3.37 0.700419703544037 0.06777059063408636
3.39 0.7019393546369862 0.07598255464745789
3.41000001 0.7036223283086799 0.08414864151036329
3.43 0.7054399730154775 0.09088228078101863
3.45 0.7073916901683678 0.09758585764451647
3.47 0.7094769201223236 0.10426149769778838
3.49 0.7116951455530893 0.11091127153828863
3.51000001 0.7140458903901213 0.11753718308300946
3.53 0.7164978697524926 0.12259902941808158
3.55 0.7190509280050119 0.1276529126259639
3.57 0.7217049363187323 0.1327004156860211
3.59 0.7244597974938035 0.13774305875355874
3.61000001 0.7273154447295072 0.14278229039403711
3.63 0.7302393813328428 0.14619690326523482
3.65 0.7332318511229 0.14962348950285906
3.67 0.7362931129689609 0.15306309230304613
3.69 0.7394234466982952 0.1565166864667121
3.71000001 0.7426231517494135 0.1599851725633305
3.73 0.745859807881435 0.1618328875175186
3.75 0.7491340052963087 0.16370987074368334
3.77 0.7524463381980878 0.1656166450889561
3.79 0.7557974114343161 0.1675536618114147
3.81000001 0.7591878390816186 0.1695212976044747
3.83 0.7625864033662173 0.16992829919408525
3.85 0.7659939813407182 0.17037889872504305
3.87 0.7694114439822736 0.17087313207776997
3.89 0.7728396632403512 0.17141096290388388
3.91000001 0.776279510607255 0.17199228234904548
3.93 0.7797019149315707 0.17112030177593676
3.95 0.7831079769744418 0.170303102143554
3.97 0.7864987825244076 0.16954027749829223
3.99 0.789875409558115 0.16883135168536664
4.01000001 0.7932389268501493 0.16817578051383003
4.03 0.7965631614531511 0.1662118132559921
4.05 0.7998493736642651 0.16431061055570478
4.07 0.8030988012575663 0.16247137966505412
4.09 0.8063126665031245 0.16069326227791456
4.11000001 0.8094921748688558 0.158975338798894
4.13 0.8126146081528148 0.15612174225882414
4.15 0.8156813233090305 0.15333575781078168
4.17 0.8186936486901659 0.1506162690567724
4.19 0.821652890710931 0.14796210103824806
4.21000001 0.8245603326888847 0.14537202621167963
4.23 0.8273970775752859 0.14183731523871276
4.25 0.8301645194678205 0.1383720946267349
4.27 0.8328640193389654 0.13497499355724374
4.29 0.8354969111699678 0.13164459155011993
4.31000001 0.8380645009681157 0.1283794257176777
4.33 0.8405519003094127 0.12437002924986927
4.35 0.8429604860912391 0.1204292890913198
4.37 0.8452915991504506 0.11655565296057332
4.39 0.8475465497329228 0.11274752912361037
4.41000001 0.8497266167128635 0.10900329449538936
4.43 0.8518209450779745 0.10471647061378322
4.45 0.8538308468473484 0.10049508846869716
4.47 0.855757596613554 0.0963374883102795
4.49 0.85760243624951 0.0922419817978005
4.51000001 0.8593665743423641 0.0882068605392733
4.53 0.8610430713858509 0.08382489408678606
4.55 0.8626331346500412 0.07950316320951725
4.57 0.8641379341060957 0.0752399728027247
4.59 0.8655586063067583 0.0710336100331292
4.61000001 0.8668962540345255 0.06688235294718382
4.63 0.868147615113756 0.06256808524556964
4.65 0.869313760740736 0.05830728134899464
4.67 0.8703957263022707 0.054098278076737435
4.69 0.8713945143982303 0.049939404797981715
4.71000001 0.8723110946923484 0.045828991791405614
4.73 0.8731455475233397 0.04172266241089873
4.75 0.8738987855410966 0.03766190088784285
4.77 0.8745716882545714 0.03364513567374399
4.79 0.8751651041944449 0.029670796993674236
4.81000001 0.8756798509457694 0.02573732469756001
4.83 0.8761189436655908 0.02195464696839661
4.85 0.8764831227110658 0.01820895227374647
4.87 0.8767730989227734 0.01449881058538349
4.89 0.8769895549525066 0.010822801486659825
4.91000001 0.877133145450588 0.007179521314305458
4.93 0.8772093628296666 0.0038108708593650687
4.95 0.8772187696135676 4.703391950522276E-4
4.97 0.8771619031404184 -0.0028433236574588235
4.99 0.8770392761044608 -0.006131351797883236
5.01000001 0.8768513768673005 -0.009394957160533013
5.03 0.8766056892584319 -0.012284386585626578
5.05 0.8763025997896472 -0.015154473439233141
5.07 0.8759424745659908 -0.01800626118281759
5.09 0.8755256591109283 -0.020840772753128345
5.11000001 0.8750524787697931 -0.023659005227256568
5.13 0.8745319143589183 -0.026028233557856245
5.15 0.8739641844878728 -0.028386493552273084
5.17 0.873349492335641 -0.030734607611593957
5.19 0.8726880248450141 -0.033073374531344193
5.21000001 0.8719799531875867 -0.035403565169586634
5.23 0.8712352695987428 -0.03723419805929515
5.25 0.8704540379821505 -0.03906158082961436
5.27 0.869636311755398 -0.04088631133762431
5.29 0.8687821325117246 -0.0427089621836675
5.31000001 0.8678915305185101 -0.04453007739568826
5.33 0.8669750477417134 -0.04582416175191565
5.35 0.8660326104249221 -0.047121865839567685
5.37 0.8650641390421965 -0.04842356913627887
5.39 0.864069546533029 -0.0497296254583734
5.41000001 0.863048738809797 -0.051040360641417995
5.43 0.8620123822235553 -0.05181785522101823
5.45 0.8609602850572728 -0.0526048583141191
5.47 0.8598922541555294 -0.0534015450871739
5.49 0.858808092841897 -0.05420806568162004
5.51000001 0.8577076014148046 -0.055024543842346556
5.53 0.856601191467535 -0.05532052502374239
5.55 0.8554885745750467 -0.055630844624416996
5.57 0.8543694647031349 -0.05595549359558731
5.59 0.8532435759165047 -0.05629443933151244
5.61000001 0.8521106228465513 -0.05664762517385748
5.63 0.8509804366491401 -0.05650933812522612
5.65 0.8498526540243247 -0.05638913124076808
5.67 0.8487269173135518 -0.056286835538650416
5.69 0.8476028721019442 -0.05620226058037784
5.71000001 0.8464801676453926 -0.0561351947599842
5.73 0.8453677871656907 -0.05561905179461733
5.75 0.8442653140711012 -0.05512365472947873
5.77 0.8431723400425006 -0.054648701430027924
5.79 0.8420884626253925 -0.054193870855405585
5.81000001 0.8410132856072615 -0.05375882402713588
5.83 0.8399547372536159 -0.052927444146003304
5.85 0.8389123683268567 -0.05211844633796314
5.87 0.8378857398642517 -0.051331423130245225
5.89 0.8368744208445844 -0.05056595098336777
5.91000001 0.8358779885098795 -0.04982159182444919
5.93 0.8349031696528479 -0.04874096722206176
5.95 0.833949501547999 -0.04768340524244797
5.97 0.8330165331337368 -0.04664842071310892
5.99 0.8321038228260305 -0.04563551538531613
6.01000001 0.8312109387813473 -0.044644179912067566
6.03 0.8303433183021712 -0.043381045649326745
6.05 0.8295005024201626 -0.04214079410043237
6.07 0.8286820446422047 -0.04092288889789203
6.09 0.827887508969755 -0.039726783622485454
6.11000001 0.8271164701021263 -0.03855192410547459
6.13 0.8263730425596413 -0.03717139570994954
6.15 0.8256567861527432 -0.035812820344904024
6.17 0.8249672734509084 -0.03447563509174152
6.19 0.8243040880520723 -0.033159269941800754
6.21000001 0.8236668247273278 -0.0318631503056538
6.23 0.8230582914175609 -0.030426680701681832
6.25 0.8224780793037915 -0.029010605688473752
6.27 0.8219257921427513 -0.027614358052008882
6.29 0.8214010448165975 -0.026237366307690305
6.31000001 0.820903463421678 -0.02487905730644638
6.33 0.8204346086640353 -0.0234427496035097
6.35 0.8199941131457547 -0.02202477591403176
6.37 0.8195816214610494 -0.020624584235262113
6.39 0.8191967890429028 -0.019241620907329136
6.41000001 0.8188392821998396 -0.01787533321549492
6.43 0.8185095097604439 -0.01648863021410003
6.45 0.8182071532324141 -0.01511782640148916
6.47 0.8179319052020106 -0.013762401520173455
6.49 0.8176834684817577 -0.01242183601264906
6.51000001 0.8174615561001816 -0.011095613530998246
6.53 0.8172655488137825 -0.009800369220135037
6.55 0.8170951820087515 -0.008518340251551142
6.57 0.8169502009774781 -0.007249051563673447
6.59 0.8168303603603291 -0.005992030857449165
6.61000001 0.8167354240941027 -0.004746810937912646
6.63 0.8166638894372298 -0.0035767346320138386
6.65 0.8166155482403471 -0.00241705984413415
6.67 0.8165902008991434 -0.0012673670601870684
6.69 0.816587656073756 -1.2724126936536058E-4
6.71000001 0.8166077306022578 0.001003725923223234
6.73 0.8166481960837111 0.002023275084303049
6.75 0.8167089012179751 0.0030352567132019928
6.77 0.8167897017671459 0.004040027458540682
6.79 0.816890460528416 0.005037938063501163
6.81000001 0.8170110472192729 0.006029331528179381
6.83 0.8171486718041071 0.0068812326823284396
6.85 0.8173032382517214 0.0077283223807124695
6.87 0.8174746560514454 0.008570889986203391
6.89 0.8176628404094364 0.009409217899547719
6.91000001 0.8178677121124318 0.01024358002798153
6.93 0.8180860832515628 0.010918562415833158
6.95 0.818317909794109 0.011591327127307993
6.97 0.8185631516845068 0.012262094519888396
6.99 0.8188217732300058 0.012931077274952164
7.01000001 0.819093742949786 0.013598479189768883
7.03 0.819375632895792 0.014094504347550574
7.05 0.8196674463745072 0.014590673935760723
7.07 0.8199691891752714 0.015087140038210973
7.09 0.820280870108859 0.01558404667937918
7.11000001 0.8206025008485479 0.016081528943682127
7.13 0.8209305605424302 0.01640299289561058
7.15 0.821265094103678 0.016726678062389425
7.17 0.821606147526579 0.017052671145051743
7.19 0.8219537685408208 0.017381050712089327
7.21000001 0.8223080064507005 0.017711886638039666
7.23 0.8226653801194466 0.01786869237165113
7.25 0.8230259695789943 0.018029472977388158
7.27 0.8233898546689541 0.018194254497988893
7.29 0.8237571157699907 0.018363055051828357
7.31000001 0.8241278336468021 0.018535884572628426
7.33 0.8244986821351344 0.01854243368783487
7.35 0.8248697694514048 0.018554365813517167
7.37 0.8252412025022758 0.018571652543552655
7.39 0.8256130876623079 0.018594258001603366
7.41000001 0.8259855306256366 0.018622138855366347
7.43 0.826355456204209 0.018496288176764696
7.45 0.826722993708773 0.01837687522819833
7.47 0.8270882701985334 0.01826382448801883
7.49 0.8274514112710081 0.01815705362373479
7.51000001 0.8278125409265263 0.018056473747676886
7.53 0.8281689107131183 0.017818498238844942
7.55 0.8285206640534983 0.017587667019003758
7.57 0.8288679413644132 0.017363865545743803
7.59 0.8292108808301341 0.01714697328604223
7.61000001 0.8295496182830159 0.016936864175658622
7.63 0.829881787358037 0.016608462055286016
7.65 0.8302075389456016 0.016287579378232067
7.67 0.830527020367292 0.015974071084518322
7.69 0.8308403761084625 0.01566778705852609
7.71000001 0.8311477477171848 0.015368572751828775
7.73 0.8314471864201936 0.014971942636408303
7.75 0.8317388444616499 0.014582902072818626
7.77 0.8320228701428926 0.01420128406213225
7.79 0.8322994084939653 0.013826917553638421
7.81000001 0.8325686011923592 0.013459628189879232
7.83 0.8328289338962626 0.013016641703488804
7.85 0.8330805547714091 0.012581043757326207
7.87 0.8333236078466933 0.012152653764213314
7.89 0.8335582336089756 0.011731288114114308
7.91000001 0.8337845689421615 0.011316761000910983
7.93 0.8340015337915596 0.010848247894031599
7.95 0.8342092676036084 0.010386690602437226
7.97 0.8344079056597709 0.009931902808124827
7.99 0.8345975795834542 0.009483696184164673
8.01000001 0.8347784172991677 0.009041881264735848
8.03 0.8349497579719303 0.008567037921648882
8.05 0.8351117285477929 0.008098528793131785
8.07 0.8352644519272672 0.007636168973712717
8.09 0.8354080473775238 0.007179772512833235
8.11000001 0.8355426305106733 0.006729153292898862
8.13 0.8356679320437075 0.006265079784246675
8.15 0.8357840635305688 0.005806574343064765
8.17 0.8358911327252441 0.0053534597337646685
8.19 0.8359892438964508 0.00490555856033647
8.21000001 0.836078497823501 0.00446269412116136
8.23 0.8361589789797907 0.00402405982651881
8.25 0.8362307815190438 0.0035901269626548923
8.27 0.8362939961433296 0.003160731214285684
8.29 0.8363487103211014 0.002735708888590485
8.31000001 0.8363950082986543 0.0023148977201988908
8.33 0.8364332829016519 0.001913731106742783
8.35 0.8364636097224744 0.0015163410411245571
8.37 0.8364860613285042 0.0011225803014936159
8.39 0.8365007073875783 7.323029537042508E-4
8.41000001 0.8365076146927276 3.453650847822395E-4
8.43 0.8365074338836013 -9.04046083711906E-6
8.45 0.8365002216147618 -3.606134419742523E-4
8.47 0.8364860319964934 -7.094809134188882E-4
8.49 0.8364649166344099 -0.0010557681041745374
8.51000001 0.836436924664974 -0.0013995977719973565
8.53 0.8364029112203147 -0.0017006730832993117
8.55 0.8363629143428171 -0.0019998438748834763
8.57 0.8363169700420345 -0.002297215039126548
8.59 0.8362651122573329 -0.00259288923508133
8.61000001 0.8362073729016117 -0.0028869663425755625
8.63 0.8361447576573681 -0.0031307637775652535
8.65 0.8360772868854072 -0.0033735385980449726
8.67 0.8360049794342478 -0.0036153725579691426
8.69 0.8359278525362652 -0.0038563448991280882
8.71000001 0.8358459218570699 -0.004096531911502685
8.73 0.8357602909905537 -0.004281545466579613
8.75 0.8356709640451154 -0.00446634727191429
8.77 0.8355779441271786 -0.004650995896843356
8.79 0.8354812331823371 -0.004835547242071462
8.81000001 0.8353808320479673 -0.005020054208463834
8.83 0.8352778925419244 -0.005146977875633721
8.85 0.835172404337352 -0.005274410228622963
8.87 0.8350643565888902 -0.005402387423086967
8.89 0.8349537377308514 -0.0055309429019430745
8.91000001 0.8348405355308328 -0.005660107170873614
8.93 0.8347259046449139 -0.005731547161718344
8.95 0.8346098224057805 -0.005804111956669979
8.97 0.8344922660706349 -0.005877816757282209
8.99 0.8343732125884756 -0.0059526741079619794
9.01000001 0.8342526386527289 -0.006028693772988745
9.03 0.8341316617153264 -0.006048849894552294
9.05 0.8340102490347208 -0.006070634030280332
9.07 0.8338883681859462 -0.006094042438725819
9.09 0.8337659868087052 -0.006119068862053953
9.11000001 0.8336430726573171 -0.0061457044965525405
9.13 0.8335206720150645 -0.0061200351726449975
9.15 0.8333987444048842 -0.0060963805090187475
9.17 0.8332772499999941 -0.006074720244503414
9.19 0.8331561493637574 -0.006055031811835883
9.21000001 0.8330354034955557 -0.0060372903914374275
9.23 0.8329159600621826 -0.005972174654742772
9.25 0.8327977731730936 -0.005909344454452362
9.27 0.8326807978589146 -0.0058487657089491135
9.29 0.8325649898130258 -0.005790402294436737
9.31000001 0.8324503054322818 -0.005734216170092971
9.33 0.8323375729989642 -0.005636624484195285
9.35 0.8322267434367963 -0.005541478108395233
9.37 0.8321177687970431 -0.00544873198765628
9.39 0.8320106020105126 -0.005358339326527377
9.41000001 0.8319051969223532 -0.0052702517728430535
9.43 0.8318022482567095 -0.00514743585590549
9.45 0.831701705820173 -0.005027121826822852
9.47 0.8316035206894744 -0.004909256534929242
9.49 0.8315076449811978 -0.004793785413831455
9.51000001 0.8314140318801858 -0.004680652710271999
9.53 0.8313232346715665 -0.004539862700894851
9.55 0.8312352039027279 -0.004401538441933508
9.57 0.8311498914728744 -0.004265621492671825
9.59 0.8310672504262667 -0.004132052330385693
9.61000001 0.8309872349740369 -0.004000770611104514
9.63 0.8309102548922275 -0.0038490060149755255
9.65 0.8308362630781734 -0.003699590702704948
9.67 0.8307652138063836 -0.003552463589490205
9.69 0.8306970625496063 -0.0034075628388641923
9.71000001 0.8306317659941062 -0.0032648261425937807
9.73 0.8305695935232824 -0.003108625095499483
9.75 0.8305105017197385 -0.0029545901771955226
9.77 0.8304544485182532 -0.002802660074263723
9.79 0.8304013930574962 -0.0026527730378534406
9.81000001 0.8303512956890324 -0.0025048671707528993
9.83 0.8303042929782828 -0.0023501367125504957
9.85 0.830260346241865 -0.0021973368208916735
9.87 0.8302194180801735 -0.0020464080845717264
9.89 0.8301814722611724 -0.0018972909500535146
9.91000001 0.8301464737235726 -0.0017499260050274335
9.93 0.8301144374528754 -0.0016018143357698987
9.95 0.8300853302603903 -0.0014553596242528365
9.97 0.8300591201369939 -0.0013105061698214463
9.99 0.8300357761691468 -0.0011671983923544876
