0.01000001 0 -0.1 0
0.03 0 -0.0999999995 -3.999996000000001E-10
0.05 0 -0.09999998749999045 -7.999208117567703E-4
0.07 0 -0.09999991591538832 -0.0015929695755784782
0.09 0 -0.09999969068467791 -0.002378752643394525
0.11000001 0 -0.09999917251237447 -0.003156903900316059
0.13 1.405695398112239 -0.09999817808553103 -0.0039270838817066795
0.15 1.405695398112239 -0.09999961740550119 0.0064974092765020105
0.17 1.405695398112239 -0.09999837504484216 0.016247688931989728
0.19 1.405695398112239 -0.09998132661033343 0.024753137018067837
0.21000001 1.405695398112239 -0.09992752625895696 0.031967789688809305
0.23 0.34262788232772934 -0.09980836854320681 0.03810729349752019
0.25 0.34262788232772934 -0.09962542222633511 0.0390139357453573
0.27 0.34262788232772934 -0.09937279051782356 0.039897938116604595
0.29 0.34262788232772934 -0.09904446798893805 0.04076079363116745
0.31000001 0.34262788232772934 -0.0986343529834463 0.04160391677478255
0.33 0.2064373656145554 -0.09813626158347954 0.042428646247663765
0.35 0.2064373656145554 -0.09755592791704477 0.04269364990447741
0.37 0.2064373656145554 -0.09689160211107796 0.042958249173709495
0.39 0.2064373656145554 -0.09614158206541883 0.04322279468792528
0.41000001 0.2064373656145554 -0.09530421360349614 0.04348762017204036
0.43 0.13471861920004824 -0.09437789213704167 0.04375304225184178
0.45 0.13471861920004824 -0.09337133932091146 0.04373970612676248
0.47 0.13471861920004824 -0.09228536946268823 0.04373034346814243
0.49 0.13471861920004824 -0.09112080776905233 0.0437252664931449
0.51000001 0.13471861920004824 -0.08987848493905821 0.04372476758687979
0.53 0.07233957525916335 -0.088559234566497 0.04372911905123048
0.55 0.07233957525916335 -0.0871761184254244 0.043493849789035526
0.57 0.07233957525916335 -0.08573179528412694 0.04326366973698548
0.59 0.07233957525916335 -0.08422883790583308 0.04303890242460186
0.61000001 0.07233957525916335 -0.08266972771877609 0.04281984992242081
0.63 0.017188726402853072 -0.08105685355731218 0.042606792723817004
0.65 0.017188726402853072 -0.07940592229990366 0.04217676390898476
0.67 0.017188726402853072 -0.07772050766717299 0.04175082122993565
0.69 0.017188726402853072 -0.07600399423132483 0.04132925667241044
0.71000001 0.017188726402853072 -0.07425957724561207 0.04091234304263801
0.73 -0.02981765838016083 -0.07249026721142264 0.04050033406793306
0.75 -0.02981765838016083 -0.07071219148300781 0.03989245369727299
0.77 -0.02981765838016083 -0.0689289366040348 0.039285876877902616
0.79 -0.02981765838016083 -0.06714383300969551 0.03868079962281726
0.81000001 -0.02981765838016083 -0.06535996195152481 0.03807740413601694
0.83 -0.06799322125684557 -0.06358016708462326 0.03747585928510537
0.85 -0.06799322125684557 -0.06181906976779649 0.03669985622942962
0.87 -0.06799322125684557 -0.060079633428891555 0.03592088033636098
0.89 -0.06799322125684557 -0.05836455140936743 0.035138993381531265
0.91000001 -0.06799322125684557 -0.056676259471217544 0.0343542539339065
0.93 -0.09704988317242565 -0.055016952361548 0.03356671880107306
0.95 -0.09704988317242565 -0.05339842719117625 0.032628205823319434
0.97 -0.09704988317242565 -0.051822734993395785 0.031681615120217756
0.99 -0.09704988317242565 -0.05029168817784011 0.0307269335678631
1.01000001 -0.09704988317242565 -0.04880687526008072 0.029764170371790716
1.03 -0.1170636271881786 -0.047369678834896525 0.028793360904226083
1.05 -0.1170636271881786 -0.04598840149700417 0.027700153271573415
1.07 -0.1170636271881786 -0.044664184894831364 0.02659445891666243
1.09 -0.1170636271881786 -0.043397988744587494 0.02547643290109882
1.11000001 -0.1170636271881786 -0.04219060452422291 0.02434630372416638
1.13 -0.12842896308159985 -0.04104267161708604 0.02320437957631656
1.15 -0.12842896308159985 -0.0399588597999584 0.02197795697112467
1.17 -0.12842896308159985 -0.038939580049155376 0.020737843162690128
1.19 -0.12842896308159985 -0.03798512278380345 0.01948475185711073
1.21000001 -0.12842896308159985 -0.037095668548204945 0.01821952421763147
1.23 -0.131810545975683 -0.03627130044612555 0.016943129980738218
1.25 -0.131810545975683 -0.03551327996976157 0.01563252590875492
1.27 -0.131810545975683 -0.03482152847965975 0.014312408308175942
1.29 -0.131810545975683 -0.034195898985588516 0.01298422093844447
1.31000001 -0.131810545975683 -0.0336361832504296 0.011649517683248605
1.33 -0.1280861996580827 -0.03314212000684549 0.010309948468623672
1.35 -0.1280861996580827 -0.03271199449266895 0.008995960580774679
1.37 -0.1280861996580827 -0.032345464083864274 0.007681020254494739
1.39 -0.1280861996580827 -0.03204215453109453 0.0063668361599544775
1.41000001 -0.1280861996580827 -0.03180166381008659 0.005055121279842145
1.43 -0.11827798093801643 -0.03162356645920499 0.0037475735421594303
1.45 -0.11827798093801643 -0.031503693709253065 0.0025241022127566086
1.47 -0.11827798093801643 -0.0314416091045165 0.0013078206289460785
1.49 -0.11827798093801643 -0.03143686496876003 9.995075759071124E-5
1.51000001 -0.11827798093801643 -0.03148900378203578 -0.00109836039611855
1.53 -0.10347820178335065 -0.031597559451188736 -0.0022860476903616973
1.55 -0.10347820178335065 -0.03175644462504284 -0.003344383788706877
1.57 -0.10347820178335065 -0.03196523346586858 -0.00439209450845696
1.59 -0.10347820178335065 -0.03222349605352757 -0.0054287004990817124
1.61000001 -0.10347820178335065 -0.03253079832684936 -0.006453786704653634
1.63 -0.08478695468215279 -0.03288670138177657 -0.0074669994800924825
1.65 -0.08478695468215279 -0.0332837102799974 -0.008323367036014035
1.67 -0.08478695468215279 -0.033721461198701036 -0.009170576228574725
1.69 -0.08478695468215279 -0.03419958546688603 -0.01000861633343785
1.71000001 -0.08478695468215279 -0.034717709077571594 -0.010837498237067431
1.73 -0.06327294892332094 -0.035275451075248994 -0.011657250998183937
1.75 -0.06327294892332094 -0.035864388736063645 -0.012307638609777894
1.77 -0.06327294892332094 -0.03648424254284206 -0.012952841850263765
1.79 -0.06327294892332094 -0.037134724666921956 -0.013592982269491589
1.81000001 -0.06327294892332094 -0.037815538738847604 -0.014228177400197835
1.83 -0.03995374047597787 -0.038526378078435036 -0.014858539135293468
1.85 -0.03995374047597787 -0.039258345128826914 -0.015316919411366873
1.87 -0.03995374047597787 -0.040011258714097914 -0.015774366417554683
1.89 -0.03995374047597787 -0.04078492645270394 -0.016230964200790482
1.91000001 -0.03995374047597787 -0.041579145093206066 -0.01668678591853375
1.93 -0.015783415299972695 -0.04239369898283312 -0.01714189314993359
1.95 -0.015783415299972695 -0.043219640129867704 -0.017428283166804736
1.97 -0.015783415299972695 -0.04405690144092517 -0.017717141848529818
1.99 -0.015783415299972695 -0.04490540338456651 -0.018008480618281218
2.01000001 -0.015783415299972695 -0.045765054915288164 -0.018302300535455424
2.03 0.008359978276246856 -0.04663575231069912 -0.018598591904516352
2.05 0.008359978276246856 -0.0475088803102908 -0.01873294469674579
2.07 0.008359978276246856 -0.04838450288610125 -0.018872019313209164
2.09 0.008359978276246856 -0.049262671600782085 -0.019015773837987398
2.11000001 0.008359978276246856 -0.05014342698897333 -0.019164157339949008
2.13 0.03168849188632032 -0.05102679774314907 -0.01931710967558612
2.15 0.03168849188632032 -0.051904824140713235 -0.01931726147325007
2.17 0.03168849188632032 -0.05277771310671523 -0.01932333319481937
2.19 0.03168849188632032 -0.053645659423333436 -0.019335257003977372
2.21000001 0.03168849188632032 -0.054508847387735905 -0.019352956497581546
2.23 0.05351824537781449 -0.05536745026920947 -0.01937634674086159
2.25 0.05351824537781449 -0.05621440836800504 -0.019257982584859976
2.27 0.05351824537781449 -0.057050071193131324 -0.019145911675813313
2.29 0.05351824537781449 -0.05787477567430596 -0.019040060478616012
2.31000001 0.05351824537781449 -0.05868884793231432 -0.018940346624377227
2.33 0.07328153420663733 -0.05949260293187321 -0.018846679183324413
2.35 0.07328153420663733 -0.060280036767778655 -0.01862412603634939
2.37 0.07328153420663733 -0.06105162464928243 -0.018407674581351313
2.39 0.07328153420663733 -0.06180782761869205 -0.01819725768722076
2.41000001 0.07328153420663733 -0.06254909431819616 -0.01799279892574116
2.43 0.09053580794384417 -0.06327586079158516 -0.017794213045290146
2.45 0.09053580794384417 -0.06398324642194346 -0.017481506247206926
2.47 0.09053580794384417 -0.06467181907581603 -0.017174398177233634
2.49 0.09053580794384417 -0.06534212985880533 -0.016872835169793675
2.51000001 0.09053580794384417 -0.0659947148129657 -0.016576753975623762
2.53 0.10496864491905289 -0.06663009485013134 -0.01628608238813599
2.55 0.10496864491905289 -0.06724450288214424 -0.01589803464567498
2.57 0.10496864491905289 -0.06783855493519922 -0.01551500057785151
2.59 0.10496864491905289 -0.06841284727031403 -0.015136944218363268
2.61000001 0.10496864491905289 -0.06896795798007924 -0.014763820047251347
2.63 0.11639810097159474 -0.06950444705179956 -0.014395573730913248
2.65 0.11639810097159474 -0.07001959253041339 -0.013948633245353512
2.67 0.11639810097159474 -0.0705140100419436 -0.013506220088631646
2.69 0.11639810097159474 -0.07098829281134754 -0.013068317058487596
2.71000001 0.11639810097159474 -0.07144301314148269 -0.01263489767734862
2.73 0.12476806881147456 -0.07187872260217838 -0.012205927021026864
2.75 0.12476806881147456 -0.07229363913611644 -0.011718581854187405
2.77 0.12476806881147456 -0.07268833321131966 -0.011235475077080694
2.79 0.12476806881147456 -0.0730633513145006 -0.010756604051679759
2.81000001 0.12476806881147456 -0.07341921729327482 -0.010281957255912773
2.83 0.13013865506371752 -0.07375643265322973 -0.009811515189764187
2.85 0.13013865506371752 -0.07407403374820955 -0.009304013578697227
2.87 0.13013865506371752 -0.07437251129192944 -0.008800649763763845
2.89 0.13013865506371752 -0.07465233189823889 -0.008301425211776126
2.91000001 0.13013865506371752 -0.07491393925937888 -0.007806333036874724
2.93 0.1326720769814006 -0.07515775451658457 -0.007315358981565798
2.95 0.1326720769814006 -0.07538351081965827 -0.006808667180824972
2.97 0.1326720769814006 -0.07559159832823048 -0.00630609200271209
2.99 0.1326720769814006 -0.07578238450082923 -0.005807625152434243
3.01000001 0.1326720769814006 -0.07595621507648087 -0.005313250926831003
3.03 0.13261510904928658 -0.07611341447381198 -0.004822947257221754
3.05 0.13261510904928658 -0.0762543009568612 -0.004337149278914279
3.07 0.13261510904928658 -0.07637915773161594 -0.00385536932181502
3.09 0.13261510904928658 -0.07648824796520998 -0.0033775782518258553
3.11000001 0.13261510904928658 -0.07658181554082907 -0.002903741150860755
3.13 0.13027950517328313 -0.07666008544004212 -0.0024338183733026383
3.15 0.13027950517328313 -0.0767238633340212 -0.001986422147966953
3.17 0.13027950517328313 -0.07677333151139426 -0.0015427369606438963
3.19 0.13027950517328313 -0.07680865569552325 -0.0011027099844640792
3.21000001 0.13027950517328313 -0.07682998555423033 -6.662848235417106E-4
3.23 0.1260219295214713 -0.07683745502988804 -2.3340250328372195E-4
3.25 0.1260219295214713 -0.07683227274170742 1.6193794337502395E-4
3.27 0.1260219295214713 -0.07681453492544854 5.541337701744726E-4
3.29 0.1260219295214713 -0.07678432501955984 9.432553015455263E-4
3.31000001 0.1260219295214713 -0.07674171392874526 0.0013293740962141247
3.33 0.12022471358624164 -0.07668676028247169 0.0017125620973567936
3.35 0.12022471358624164 -0.07662100082104616 0.0020466112921390975
3.37 0.12022471358624164 -0.076544465218453 0.0023783050130176783
3.39 0.12022471358624164 -0.07645717394820795 0.0027077195711882026
3.41000001 0.12022471358624164 -0.07635913831865293 0.0030349305814507104
3.43 0.11327834209403563 -0.0762503606580257 0.0033600122884448226
3.45 0.11327834209403563 -0.07613263606581937 0.0036278217107166863
3.47 0.11327834209403563 -0.07600594788235523 0.0038941939453211822
3.49 0.11327834209403563 -0.07587027333555069 0.004159199555995525
3.51000001 0.11327834209403563 -0.07572558338182325 0.004422907145635501
3.53 0.10556615086266115 -0.07557184283041643 0.004685382854481914
3.55 0.10556615086266115 -0.07541103650124426 0.004885698321996579
3.57 0.10556615086266115 -0.07524311939832021 0.005085516164059824
3.59 0.10556615086266115 -0.07506804281331453 0.00528489271166977
3.61000001 0.10556615086266115 -0.07488575401637373 0.005483881688175389
3.63 0.0974514290617644 -0.07469619634142993 0.005682533856592185
3.65 0.0974514290617644 -0.07450147448538137 0.0058170233882524625
3.67 0.0974514290617644 -0.07430152910995959 0.005951885950872026
3.69 0.0974514290617644 -0.07409629884734407 0.006087159396102949
3.71000001 0.0974514290617644 -0.07388571988912652 0.0062228787266158676
3.73 0.08926697211619027 -0.07366972605710778 0.0063590758703507295
3.75 0.08926697211619027 -0.07345047052330934 0.006431585462053263
3.77 0.08926697211619027 -0.07322788899921945 0.006505211390614664
3.79 0.08926697211619027 -0.07300191621803619 0.0065799722858557695
3.81000001 0.08926697211619027 -0.07277248546792263 0.006655883879715916
3.83 0.08130707069025263 -0.07253952867001041 0.006732958892931478
3.85 0.08130707069025263 -0.07230517595952896 0.006748897075929446
3.87 0.08130707069025263 -0.0720693632333168 0.006766540693288773
3.89 0.08130707069025263 -0.07183202598296616 0.006785890576720894
3.91000001 0.08130707069025263 -0.07159309881185652 0.006806944671895637
3.93 0.07382188289782438 -0.07135251553535593 0.006829698028775299
3.95 0.07382188289782438 -0.07111231435189629 0.006795566707845425
3.97 0.07382188289782438 -0.07087243317504112 0.006763572949084589
3.99 0.07382188289782438 -0.07063280978142332 0.006733702181025076
4.01000001 0.07382188289782438 -0.07039338134172948 0.006705936974318611
4.03 0.0670140898589903 -0.07015408454946952 0.00668025712825309
4.05 0.0670140898589903 -0.06991680268618966 0.0066033006742388465
4.07 0.0670140898589903 -0.06968147541626032 0.006528768895986894
4.09 0.0670140898589903 -0.06944804238636944 0.006456634408313432
4.11000001 0.0670140898589903 -0.06921644279064947 0.006386867025088418
4.13 0.06103767645374068 -0.06898661552591288 0.006319433932541883
4.15 0.06103767645374068 -0.06876023511933953 0.00620736357461698
4.17 0.06103767645374068 -0.06853724178916475 0.0060978784346179
4.19 0.06103767645374068 -0.06831757582047975 0.005990940725874237
4.21000001 0.06103767645374068 -0.0681011771757375 0.005886509980771731
4.23 0.055998619507821173 -0.06788798566767194 0.005784543298271319
4.25 0.055998619507821173 -0.06767942498065142 0.00564529758706703
4.27 0.055998619507821173 -0.06747543468620369 0.005508690169082839
4.29 0.055998619507821173 -0.06727595453745287 0.0053746750059751785
4.31000001 0.055998619507821173 -0.06708092412942324 0.00524320359200695
4.33 0.051957215072976 -0.06689028307695372 0.0051142252601517856
4.35 0.051957215072976 -0.06670517554412901 0.004955740321606479
4.37 0.051957215072976 -0.0665255398482464 0.0047998558784637215
4.39 0.051957215072976 -0.06635131465305541 0.0046465196047339
4.41000001 0.051957215072976 -0.06618243867901417 0.004495677026832711
4.43 0.048931741543875966 -0.06601885087260931 0.004347271870473382
4.45 0.048931741543875966 -0.065861401208582 0.0041772510607313955
4.47 0.048931741543875966 -0.06571002700045585 0.004009715335510902
4.49 0.048931741543875966 -0.06556466611035738 0.003844607995900866
4.51000001 0.048931741543875966 -0.0654252567074526 0.0036818706119230208
4.53 0.0469031389836087 -0.06529173741676308 0.0035214433915231984
4.55 0.0469031389836087 -0.0651646629489786 0.003347130420984312
4.57 0.0469031389836087 -0.06504397071553104 0.0031751203020398276
4.59 0.0469031389836087 -0.0649295988853201 0.0030053539462753316
4.61000001 0.0469031389836087 -0.0648214861893229 0.002837771018140773
4.63 0.04582038742004844 -0.06471957204041627 0.0026723103079225943
4.65 0.04582038742004844 -0.06462412714954223 0.002500279753380145
4.67 0.04582038742004844 -0.0645350907890166 0.0023303129923207613
4.69 0.04582038742004844 -0.06445240316942336 0.0021623506443998767
4.71000001 0.04582038742004844 -0.06437600528903449 0.001996332591406395
4.73 0.045606286149235814 -0.0643058390203215 0.0018321983381116645
4.75 0.045606286149235814 -0.06424191281043079 0.0016681809540955192
4.77 0.045606286149235814 -0.06418416993351501 0.0015059422862136217
4.79 0.045606286149235814 -0.06413255472546679 0.0013454248241151214
4.81000001 0.045606286149235814 -0.06408701247756696 0.001186570808935071
4.83 0.04616336852600744 -0.06404748948941022 0.0010293225690472443
4.85 0.04616336852600744 -0.06401376191274633 8.780800864991078E-4
4.87 0.04616336852600744 -0.06398577923955671 7.282977282736285E-4
4.89 0.04616336852600744 -0.0639634920711159 5.799219485106431E-4
4.91000001 0.04616336852600744 -0.06394685205568491 4.328993832817302E-4
4.93 0.047379727260935645 -0.06393581191085938 2.8717715196462004E-4
4.95 0.047379727260935645 -0.06392995130156777 1.5243428093668406E-4
4.97 0.047379727260935645 -0.06392922795673282 1.8813566761609772E-5
4.99 0.047379727260935645 -0.06393360067949748 -1.1373271643126767E-4
5.01000001 0.047379727260935645 -0.06394302932855778 -2.452517669791223E-4
5.03 0.04913456840626158 -0.06395747481514971 -3.757899943808442E-4
5.05 0.04913456840626158 -0.06397635960149417 -4.913569272080592E-4
5.07 0.04913456840626158 -0.06399965126306773 -6.061441388937827E-4
5.09 0.04913456840626158 -0.06402731833558979 -7.201920777873453E-4
5.11000001 0.04913456840626158 -0.06405933033875988 -8.335404143516613E-4
5.13 0.05130335334916117 -0.06409565775419242 -9.462278226157196E-4
5.15 0.05130335334916117 -0.06413560640199674 -0.0010409530807572
5.17 0.05130335334916117 -0.06417915476198578 -0.0011352311162332335
5.19 0.05130335334916117 -0.06422628209275279 -0.001229094144846362
5.21000001 0.05130335334916117 -0.06427696849532057 -0.0013225734460230246
5.23 0.05376242432790859 -0.06433119487847216 -0.0014156991875227173
5.25 0.05376242432790859 -0.06438819032133225 -0.0014888521418214408
5.27 0.05376242432790859 -0.06444794464180055 -0.0015618677738507727
5.29 0.05376242432790859 -0.06451044820379528 -0.0016347696456762884
5.31000001 0.05376242432790859 -0.06457569201689446 -0.0017075803036867175
5.33 0.05639303932859956 -0.06464366769495054 -0.0017803211456152658
5.35 0.05639303932859956 -0.0647135652070525 -0.001832005440197721
5.37 0.05639303932859956 -0.06478538551053127 -0.001883829698370754
5.39 0.05639303932859956 -0.06485912984311916 -0.0019358089040495074
5.41000001 0.05639303932859956 -0.0649347998533129 -0.0019879570086023778
5.43 0.05908476736548401 -0.06501239755717969 -0.002040286838319205
5.45 0.05908476736548401 -0.06509110792098091 -0.002071325089989715
5.47 0.05908476736548401 -0.06517094225652546 -0.0021027410257681346
5.49 0.05908476736548401 -0.0652519118763681 -0.0021345415386457007
5.51000001 0.05908476736548401 -0.06533402824854097 -0.0021667325180521244
5.53 0.06173821655437328 -0.06541730295529706 -0.0021993187952663155
5.55 0.06173821655437328 -0.06550094565315476 -0.002211131095408097
5.57 0.06173821655437328 -0.06558497672674178 -0.002223515316527768
5.59 0.06173821655437328 -0.06566941628559297 -0.002236471051596818
5.61000001 0.06173821655437328 -0.06575428433619712 -0.002249996951025257
5.63 0.0642670865587904 -0.06583960074525964 -0.0022640907029700392
5.65 0.0642670865587904 -0.06592462459536476 -0.0022585724588774134
5.67 0.0642670865587904 -0.06600938368644897 -0.0022537756382378224
5.69 0.0642670865587904 -0.06609390528727635 -0.002249693519837214
5.71000001 0.0642670865587904 -0.06617821631746831 -0.002246318522654064
5.73 0.06659955497378284 -0.0662623433168168 -0.002243642217506685
5.75 0.06659955497378284 -0.06634561434271265 -0.0022230446946173883
5.77 0.06659955497378284 -0.06642806271598704 -0.0022032742394565248
5.79 0.06659955497378284 -0.06650972100328459 -0.002184318902620488
5.81000001 0.06659955497378284 -0.0665906212018699 -0.0021661659723625063
5.83 0.06867902442639469 -0.06667079471564764 -0.0021488020135376315
5.85 0.06867902442639469 -0.06674965297502615 -0.002115617588824759
5.87 0.06867902442639469 -0.06682723283390145 -0.0020833244461054253
5.89 0.06867902442639469 -0.06690357021214197 -0.002051906520121284
5.91000001 0.06867902442639469 -0.06697870027644558 -0.0020213470906773547
5.93 0.07046427344297433 -0.06705265742304704 -0.0019916288444308586
5.95 0.07046427344297433 -0.06712494595117834 -0.0019484824062820695
5.97 0.07046427344297433 -0.0671956043016634 -0.0019062535053786165
5.99 0.07046427344297433 -0.06726466985115219 -0.0018649230471408792
6.01000001 0.07046427344297433 -0.06733217908306205 -0.0018244713958734432
6.03 0.07192906888814177 -0.06739816757647608 -0.0017848784546532813
6.05 0.07192906888814177 -0.06746223749578513 -0.0017344263521087823
6.07 0.07192906888814177 -0.06752442707998775 -0.001684884204557647
6.09 0.07192906888814177 -0.06758477342623023 -0.0016362309151215747
6.11000001 0.07192906888814177 -0.06764331264583144 -0.0015884449629460782
6.13 0.0730613102683734 -0.06770007985858208 -0.0015415044963302997
6.15 0.0730613102683734 -0.06775477609503659 -0.0014863426518882752
6.17 0.0730613102683734 -0.06780743784927246 -0.0014320538467070495
6.19 0.0730613102683734 -0.06785810044745151 -0.00137861592878929
6.21000001 0.0730613102683734 -0.06790679818502321 -0.0013260064395144008
6.23 0.07386178569685378 -0.06795356432549766 -0.0012742027152112109
6.25 0.07386178569685378 -0.06799819633023416 -0.0012167856994248528
6.27 0.07386178569685378 -0.0680407277076091 -0.0011601801930775854
6.29 0.07386178569685378 -0.06808119081957385 -0.00110436384431979
6.31000001 0.07386178569685378 -0.0681196169972864 -0.001049314109003473
6.33 0.07434262530883587 -0.06815603654342071 -9.950083561455253E-4
6.35 0.07434262530883587 -0.06819033805547746 -9.375811940417541E-4
6.37 0.07434262530883587 -0.0682225511424724 -8.808842274952394E-4
6.39 0.07434262530883587 -0.0682527043294486 -8.248956602842374E-4
6.41000001 0.07434262530883587 -0.06828082514993829 -7.695936119420932E-4
6.43 0.07452554015653352 -0.06830694015095276 -7.149562229554414E-4
6.45 0.07452554015653352 -0.06833102148090907 -6.59500387423972E-4
6.47 0.07452554015653352 -0.06835309425914789 -6.0467850920488E-4
6.49 0.07452554015653352 -0.0683731826161758 -5.504699972717092E-4
6.51000001 0.07452554015653352 -0.06839130976245181 -4.968542751376468E-4
6.53 0.07443993316844211 -0.06840749799534006 -4.438108821461788E-4
6.55 0.07443993316844211 -0.06842179368189348 -3.9200535636398174E-4
6.57 0.07443993316844211 -0.06843421715830238 -3.407274292428095E-4
6.59 0.07443993316844211 -0.06844478789069434 -2.899582533811572E-4
6.61000001 0.07443993316844211 -0.06845352452072549 -2.396790829395601E-4
6.63 0.07412096397729695 -0.06846044487393915 -1.898713679693628E-4
6.65 0.07412096397729695 -0.06846565896560129 -1.430689277113088E-4
6.67 0.07412096397729695 -0.06846918231011553 -9.668225255691552E-5
6.69 0.07412096397729695 -0.06847102968523762 -5.069466205080847E-5
6.71000001 0.07412096397729695 -0.06847121515579556 -5.089650754013628E-6
6.73 0.07360764185707061 -0.06846975208305238 4.014902681674079E-5
6.75 0.07360764185707061 -0.06846680279203687 8.093092054668541E-5
6.77 0.07360764185707061 -0.06846237814148691 1.2140998889800137E-4
6.79 0.07360764185707061 -0.06845648839331489 1.6160043894199972E-4
6.81000001 0.07360764185707061 -0.068449143216458 2.015162438895302E-4
6.83 0.07294101133397371 -0.06844035169696998 2.411710693418179E-4
6.85 0.07294101133397371 -0.06843031679303284 2.7524604902822504E-4
6.87 0.07294101133397371 -0.06841904502702079 3.0912827950136355E-4
6.89 0.07294101133397371 -0.06840654246370394 3.428293035365505E-4
6.91000001 0.07294101133397371 -0.06839281469672871 3.7636038612560903E-4
6.93 0.07216248395520504 -0.06837786685925083 4.0973245311196017E-4
6.95 0.07216248395520504 -0.0683619309168221 4.3672948099955406E-4
6.97 0.07216248395520504 -0.06834500947994303 4.636375123721831E-4
6.99 0.07216248395520504 -0.0683271048345951 4.90465345300631E-4
7.01000001 0.07216248395520504 -0.06830821891417178 5.172214707560099E-4
7.03 0.07131235788742822 -0.06828835331050907 5.43914024258107E-4
7.05 0.07131235788742822 -0.06826775776858113 5.637521777938343E-4
7.07 0.07131235788742822 -0.06824643147554975 5.835958996376553E-4
7.09 0.07131235788742822 -0.06822437341698022 6.034512645989184E-4
7.11000001 0.07131235788742822 -0.06820158233719871 6.233240248822325E-4
7.13 0.07042855507760326 -0.06817805675058165 6.43219574861232E-4
7.15 0.07042855507760326 -0.06815405365436099 6.560755893542733E-4
7.17 0.07042855507760326 -0.06812956933213686 6.690203321558703E-4
7.19 0.07042855507760326 -0.06810459997603291 6.820572663770538E-4
7.21000001 0.07042855507760326 -0.068079141638464 6.951895296844289E-4
7.23 0.06954559415170984 -0.0680531902435235 7.084199118538995E-4
7.25 0.06954559415170984 -0.06802700047021072 7.146906528156988E-4
7.27 0.06954559415170984 -0.06800056622512983 7.211203235767333E-4
7.29 0.06954559415170984 -0.06797388141924604 7.277099632754258E-4
7.31000001 0.06954559415170984 -0.06794693991393604 7.344602940474629E-4
7.33 0.06869380646283388 -0.06791973553227564 7.413717106205119E-4
7.35 0.06869380646283388 -0.06789251222669217 7.416336077239606E-4
7.37 0.06869380646283388 -0.06786526204300593 7.421107696386272E-4
7.39 0.06869380646283388 -0.06783797711236758 7.428020601989941E-4
7.41000001 0.06869380646283388 -0.06781064959425827 7.437060444141111E-4
7.43 0.06789879304275961 -0.06778327168744357 7.448209890398729E-4
7.45 0.06789879304275961 -0.06775606952367771 7.397882619098672E-4
7.47 0.06789879304275961 -0.06772903378241792 7.350129612385677E-4
7.49 0.06789879304275961 -0.0677021552946016 7.304920695673603E-4
7.51000001 0.06789879304275961 -0.06767542498499152 7.262222968678092E-4
7.53 0.06718111188289659 -0.06764883388253708 7.222000907719313E-4
7.55 0.06718111188289659 -0.06762258461531855 7.126833667963242E-4
7.57 0.06718111188289659 -0.06759666696157553 7.03452287622556E-4
7.59 0.06718111188289659 -0.06757107090282229 6.945022785793583E-4
7.61000001 0.06718111188289659 -0.06754578656762043 6.858285250269246E-4
7.63 0.0665561781088204 -0.06752080424108242 6.774259907439358E-4
7.65 0.0665561781088204 -0.06749629881725962 6.642926768424167E-4
7.67 0.0665561781088204 -0.0674722596039416 6.514599734611633E-4
7.69 0.0665561781088204 -0.06744867615035048 6.389220884317755E-4
7.71000001 0.0665561781088204 -0.0674255381940879 6.266730267915436E-4
7.73 0.06603435427828655 -0.06740283566953434 6.147066157190875E-4
7.75 0.06603435427828655 -0.06738071294723233 5.988441490025846E-4
7.77 0.06603435427828655 -0.06735915925699625 5.832850747190198E-4
7.79 0.06603435427828655 -0.06733816409546399 5.680227253022266E-4
7.81000001 0.06603435427828655 -0.06731771717762473 5.530502703719362E-4
7.83 0.06562120421691105 -0.06729780844390727 5.383607465686849E-4
7.85 0.06562120421691105 -0.06727855033181569 5.206436158998427E-4
7.87 0.06562120421691105 -0.06725993234390218 5.032218385730527E-4
7.89 0.06562120421691105 -0.06724194426313534 4.8608820426979024E-4
7.91000001 0.06562120421691105 -0.06722457611008016 4.692353809327789E-4
7.93 0.06531788144139945 -0.06720781814852694 4.526559478783725E-4
7.95 0.06531788144139945 -0.06719175074940989 4.339171499582736E-4
7.97 0.06531788144139945 -0.06717636399364094 4.154564193138549E-4
7.99 0.06531788144139945 -0.067161648245393 3.9726631580836455E-4
8.01000001 0.06531788144139945 -0.06714759411568325 3.793393181437233E-4
8.03 0.06512162219213982 -0.06713419246646436 3.6166785870622844E-4
8.05 0.06512162219213982 -0.06712149260528628 3.4267522943913004E-4
8.07 0.06512162219213982 -0.06710948544880298 3.239358404195293E-4
8.09 0.06512162219213982 -0.06709816219015789 3.0544230637194914E-4
8.11000001 0.06512162219213982 -0.06708751426942237 2.871871995172927E-4
8.13 0.0650263132549208 -0.06707753337614461 2.69163084736917E-4
8.15 0.0650263132549208 -0.06706823972852638 2.5060073230723554E-4
8.17 0.0650263132549208 -0.0670596252854095 2.3226101599984426E-4
8.19 0.0650263132549208 -0.06705168226695987 2.1413685510051074E-4
8.21000001 0.0650263132549208 -0.06704440313213776 1.9622116193212868E-4
8.23 0.06502310592249272 -0.0670377805797705 1.785068760830318E-4
8.25 0.06502310592249272 -0.06703180850035843 1.609617414487623E-4
8.27 0.06502310592249272 -0.06702648004857432 1.436046157778932E-4
8.29 0.06502310592249272 -0.06702178861816886 1.2642893280926098E-4
8.31000001 0.06502310592249272 -0.06701772782640225 1.0942815080126442E-4
8.33 0.06510104944690889 -0.06701429151376861 9.259578475873921E-5
8.35 0.06510104944690889 -0.067011450600831 7.654917418201361E-5
8.37 0.06510104944690889 -0.06700919953827475 6.065360677995014E-5
8.39 0.06510104944690889 -0.06700753298793025 4.4903197913149546E-5
8.41000001 0.06510104944690889 -0.06700644581387831 2.92921142210677E-5
8.43 0.06524771997849173 -0.06700593308100312 1.3814602979348354E-5
8.45 0.06524771997849173 -0.06700594650259992 -3.6161843347737365E-7
8.47 0.06524771997849173 -0.06700648187292832 -1.4424537210021001E-5
8.49 0.06524771997849173 -0.06700753516522516 -2.8379232965491015E-5
8.51000001 0.06524771997849173 -0.06700910252901196 -4.223071239890936E-5
8.53 0.06544982409940443 -0.06701118028768624 -5.598388346357069E-5
8.55 0.06544982409940443 -0.06701370493147091 -6.80268741436784E-5
8.57 0.06544982409940443 -0.06701667359564223 -7.999367501426453E-5
8.59 0.06544982409940443 -0.06702008355952509 -9.18884803368841E-5
8.61000001 0.06544982409940443 -0.06702393224938064 -1.037153950820792E-4
8.63 0.06569375947414384 -0.06702821723526291 -1.1547841308786043E-4
8.65 0.06569375947414384 -0.06703286382079147 -1.2523024423691047E-4
8.67 0.06569375947414384 -0.06703787043374303 -1.3494115998999903E-4
8.69 0.06569375947414384 -0.0670432356097062 -1.4461442976006282E-4
8.71000001 0.06569375947414384 -0.06704895799981234 -1.542532224779203E-4
8.73 0.06596611870656159 -0.06705503636708703 -1.6386058900450735E-4
8.75 0.06596611870656159 -0.0670613887670378 -1.7126103379467628E-4
8.77 0.06596611870656159 -0.06706801483113659 -1.786529999287604E-4
8.79 0.06596611870656159 -0.0670749142625057 -1.8603882979439045E-4
8.81000001 0.06596611870656159 -0.0670820868476751 -1.9342075902605878E-4
8.83 0.06625412608099324 -0.06708953245264819 -2.0080090325661935E-4
8.85 0.06625412608099324 -0.06709716559749286 -2.0587775154148912E-4
8.87 0.06625412608099324 -0.06710498699517968 -2.1097494185995876E-4
8.89 0.06625412608099324 -0.06711299739550923 -2.1609392022164774E-4
8.91000001 0.06625412608099324 -0.06712119760003481 -2.2123602411981723E-4
8.93 0.06654600035914525 -0.06712958845804187 -2.2640247355183908E-4
8.95 0.06654600035914525 -0.06713808433756974 -2.2926000365632883E-4
8.97 0.06654600035914525 -0.0671466868852493 -2.3216252303359002E-4
8.99 0.06654600035914525 -0.06715539775216932 -2.3511063962235092E-4
9.01000001 0.06654600035914525 -0.06716421861109238 -2.38104855073193E-4
9.03 0.06683124010698548 -0.06717315115252027 -2.4114555982961993E-4
9.05 0.06683124010698548 -0.06718211256825896 -2.419517826420889E-4
9.07 0.06683124010698548 -0.06719110527329511 -2.4282312407435298E-4
9.09 0.06683124010698548 -0.06720013165806338 -2.4375943443339282E-4
9.11000001 0.06683124010698548 -0.06720919410710258 -2.4476046337044673E-4
9.13 0.06710083105628839 -0.06721829499534916 -2.4582585870155E-4
9.15 0.06710083105628839 -0.06722735685285255 -2.447991147085107E-4
9.17 0.06710083105628839 -0.06723638268834924 -2.43852954639315E-4
9.19 0.06710083105628839 -0.06724537546107401 -2.4298656812277316E-4
9.21000001 0.06710083105628839 -0.06725433810004995 -2.4219905254111582E-4
9.23 0.06734737769944486 -0.0672632735007203 -2.4148941518117533E-4
9.25 0.06734737769944486 -0.06727211155412798 -2.3888485614751722E-4
9.27 0.06734737769944486 -0.06728085568659974 -2.3637171465745228E-4
9.29 0.06734737769944486 -0.06728950925454168 -2.33948627649727E-4
9.31000001 0.06734737769944486 -0.06729807556362671 -2.316141503665103E-4
9.33 0.06756516362552119 -0.0673065578658438 -2.2936676135981696E-4
9.35 0.06756516362552119 -0.06731489493507525 -2.2546318855979605E-4
9.37 0.06756516362552119 -0.06732309044450836 -2.2165742269119313E-4
9.39 0.06756516362552119 -0.06733114798176672 -2.1794766187844747E-4
9.41000001 0.06756516362552119 -0.06733907106734624 -2.1433203461190912E-4
9.43 0.06775014699830824 -0.06734686315213238 -2.108086070965032E-4
9.45 0.06775014699830824 -0.06735447292328038 -2.0589607038836122E-4
9.47 0.06775014699830824 -0.06736190414149368 -2.0108360264026916E-4
9.49 0.06775014699830824 -0.06736916047107595 -1.963690782441931E-4
9.51000001 0.06775014699830824 -0.06737624549706848 -1.9175031493841042E-4
9.53 0.06789989903683569 -0.06738316272326005 -1.8722508296310208E-4
9.55 0.06789989903683569 -0.06738987131439637 -1.815935723656208E-4
9.57 0.06789989903683569 -0.0673963749754923 -1.7606068495341294E-4
9.59 0.06789989903683569 -0.0674026773089736 -1.70624083563048E-4
9.61000001 0.06789989903683569 -0.06740878183007729 -1.6528138772197126E-4
9.63 0.06801349438442438 -0.06741469196535761 -1.6003018408036583E-4
9.65 0.06801349438442438 -0.0674203774934495 -1.539596703797258E-4
9.67 0.06801349438442438 -0.06742584194008874 -1.47983121750436E-4
9.69 0.06801349438442438 -0.0674310887265565 -1.420980952621847E-4
9.71000001 0.06801349438442438 -0.06743612118301666 -1.3630211788869337E-4
9.73 0.06809136285681792 -0.06744094254750348 -1.3059269770522838E-4
9.75 0.06809136285681792 -0.0674455329687127 -1.2434470341818115E-4
9.77 0.06809136285681792 -0.06744989569132684 -1.181833491651757E-4
9.79 0.06809136285681792 -0.06745403385758007 -1.121061828253424E-4
9.81000001 0.06809136285681792 -0.06745795051831775 -1.0611073483385456E-4
9.83 0.06813511226911166 -0.06746164863243698 -1.0019452966633526E-4
9.85 0.06813511226911166 -0.06746511814952531 -9.40053387010488E-5
9.87 0.06813511226911166 -0.06746836195426194 -8.789336674219997E-5
9.89 0.06813511226911166 -0.06747138283421092 -8.185623768389212E-5
9.91000001 0.06813511226911166 -0.06747418348849313 -7.589156970526008E-5
9.93 0.06814733189185473 -0.06747676652764077 -6.999698661424379E-5
9.95 0.06814733189185473 -0.06747913086658817 -6.407253233136016E-5
9.97 0.06814733189185473 -0.06748127897383259 -5.821435414459323E-5
9.99 0.06814733189185473 -0.06748321322881307 -5.242022428590184E-5
