0 0 1 0.25 2.5 2.5
1 0.25 1 0.6375 3.875 1.375
2 0.6375 1 1.078125 4.40625 0.5312500000000001
3 1.078125 1 1.4810937499999999 4.0296875 -0.3765625
4 1.4810937499999999 1 1.7676953125 2.866015625 -1.1636718749999997
5 1.7676953125 1 1.886427734375 1.1873242187500006 -1.6786914062499998
6 1.886427734375 1 1.82193798828125 -0.6448974609374996 -1.8322216796875002
7 1.82193798828125 1 1.5962851318359377 -2.2565285644531246 -1.6116311035156252
8 1.5962851318359377 1 1.2626578918457032 -3.336272399902344 -1.0797438354492193
9 1.2626578918457032 1 0.8931804354858399 -3.694774563598633 -0.3585021636962892
10 0.8931804354858399 1 0.5635407648468018 -3.296396706390381 0.3983778572082518
11 0.5635407648468018 1 0.3376749247703552 -2.2586584007644657 1.0377383056259153
12 0.3376749247703552 1 0.25556739174365994 -0.8210753302669529 1.4375830704975128
13 0.25556739174365994 1 0.3264517570195674 0.7088436527590749 1.5299189830260278
14 0.3264517570195674 1 0.5285015526277661 2.0204979560819867 1.3116543033229116
15 0.5285015526277661 1 0.8147485479300016 2.862469953022355 0.8419719969403685
16 0.8147485479300016 1 1.123733483881125 3.089849359511234 0.227379406488879
17 1.123733483881125 1 1.3925224762584674 2.6878899237734224 -0.4019594357378118
18 1.3925224762584674 1 1.5693675237652491 1.7684504750678165 -0.9194394487056059
19 1.5693675237652491 1 1.6234968141436419 0.5412929037839274 -1.2271575712838891
20 1.6234968141436419 1 1.5502202771743865 -0.7327653696925529 -1.2740582734764803
21 1.5502202771743865 1 1.3705635116187167 -1.796567655556698 -1.0638022858641452
22 1.3705635116187167 1 1.125776882017087 -2.4478662960162967 -0.6512986404595985
23 1.125776882017087 1 0.8680742074921215 -2.577026745249656 -0.12916044923335923
24 0.8680742074921215 1 0.6496418251949799 -2.184323822971416 0.3927029222782398
25 0.6496418251949799 1 0.5122026969736994 -1.3743912822128053 0.8099325407586109
26 0.5122026969736994 1 0.479194985768743 -0.3300771120495636 1.0443141701632417
27 0.479194985768743 1 0.5519986629702859 0.7280367720154286 1.0581138840649922
28 0.5519986629702859 1 0.7107624237176944 1.5876376074740854 0.8596008354586568
29 0.7107624237176944 1 0.9194355116841937 2.0867308796649926 0.499093272190907
30 0.9194355116841937 1 1.1337878429155293 2.1435233123133557 0.05679243264836298
31 1.1337878429155293 1 1.3106649890021922 1.7687714608666294 -0.3747518514467263
32 1.3106649890021922 1 1.4165652799840835 1.0590029098189135 -0.7097685510477159
33 1.4165652799840835 1 1.4338575004200635 0.17292220435980077 -0.8860807054591128
34 1.4338575004200635 1 1.3635136097502318 -0.7034389066983163 -0.8763611110581171
35 1.3635136097502318 1 1.2239841916638454 -1.3952941808638641 -0.6918552741655478
36 1.2239841916638454 1 1.0466344061490092 -1.7734978551483618 -0.37820367428449764
37 1.0466344061490092 1 0.8688252286801129 -1.778091774688962 -0.004593919540600178
38 0.8688252286801129 1 0.7261414643486389 -1.4268376433147396 0.3512541313742223
39 0.7261414643486389 1 0.6453635953640109 -0.8077786898462804 0.6190589534684592
40 0.6453635953640109 1 0.639551900755812 -0.05811694608198814 0.7496617437642923
41 0.639551900755812 1 0.7061204107268607 0.6656850997104873 0.7238020457924754
42 0.7061204107268607 1 0.8281364130539849 1.2201600232712415 0.5544749235607542
43 0.8281364130539849 1 0.9784243326539559 1.5028791959997096 0.28271917272846814
44 0.9784243326539559 1 1.125512989743137 1.4708865708918124 -0.0319926251078973
45 1.125512989743137 1 1.2401446160292318 1.1463162628609478 -0.32457030803086473
46 1.2401446160292318 1 1.3010157377951754 0.6087112176594369 -0.5376050452015109
47 1.3010157377951754 1 1.2986401559137868 -0.023755818813885776 -0.6324670364733227
48 1.2986401559137868 1 1.2366553219437102 -0.619848339700765 -0.5960925208868793
49 1.2366553219437102 1 1.1304386652833955 -1.062166566603147 -0.4423182269023821
50 1.1304386652833955 1 1.0034451083994174 -1.2699355688397809 -0.20776900223663375
51 1.0034451083994174 1 0.8821122076797547 -1.2133290071966265 0.05660656164315436
52 0.8821122076797547 1 0.7904235104601243 -0.9168869721963047 0.29644203500032185
53 0.7904235104601243 1 0.7452345460094505 -0.45188964450673796 0.4649973276895667
54 0.7452345460094505 1 0.7532581205794203 0.08023574569969794 0.5321253902064359
55 0.7532581205794203 1 0.8102288923050076 0.5697077172558724 0.48947197155617445
56 0.8102288923050076 1 0.902305346983314 0.9207645467830636 0.35105682952719114
57 0.902305346983314 1 1.0093169095310421 1.0701156254772823 0.14935107869421882
58 1.0093169095310421 1 1.1091145120451755 0.997976025141334 -0.07213960033594835
59 1.1091145120451755 1 1.1820993320245672 0.7298481997939162 -0.26812782534741775
60 1.1820993320245672 1 1.2150150446000758 0.3291571257550861 -0.4006910740388302
61 1.2150150446000758 1 1.2032819626267939 -0.11733081973281978 -0.44648794548790594
62 1.2032819626267939 1 1.1514791422268171 -0.5180282039997666 -0.4006973842669468
63 1.1514791422268171 1 1.0719706344014759 -0.7950850782534125 -0.2770568742536459
64 1.0719706344014759 1 0.9820434250871065 -0.8992720931436936 -0.10418701489028115
65 0.9820434250871065 1 0.9002038912210343 -0.8183953386607219 0.08087675448297166
66 0.9002038912210343 1 0.8424155558040588 -0.5778833541697543 0.24051198449096756
67 0.8424155558040588 1 0.8190335259971204 -0.2338202980693842 0.34406305610037013
68 0.8190335259971204 1 0.8330138924811048 0.13980366483984413 0.37362396290922834
69 0.8330138924811048 1 0.879692462144669 0.46678569663564234 0.3269820317957982
70 0.879692462144669 1 0.9480986108961212 0.6840614875145222 0.21727579087887988
71 0.9480986108961212 1 1.0234647300307766 0.7536611913465536 0.0695997038320314
72 1.0234647300307766 1 1.090369597202544 0.6690486717176727 -0.084612519628881
73 1.090369597202544 1 1.1358553015752142 0.454857043726701 -0.2141916279909717
74 1.1358553015752142 1 1.1518956604142079 0.1604035883899375 -0.2944534553367635
75 1.1518956604142079 1 1.1367548692284104 -0.15140791185797509 -0.3118115002479126
76 1.1367548692284104 1 1.0950201437562206 -0.41734725472189715 -0.26593934286392207
77 1.0950201437562206 1 1.0363681258063961 -0.5865201794982434 -0.16917292477634627
78 1.0363681258063961 1 0.9733750835927838 -0.6299304221361235 -0.04341024263788007
79 0.9733750835927838 1 0.9188566767712953 -0.545184068214885 0.08474635392123858
80 0.9188566767712953 1 0.8832928549366222 -0.3556382183467314 0.18954584986815354
81 0.8832928549366222 1 0.8728486532063583 -0.10444201730263936 0.25119620104409207
82 0.8728486532063583 1 0.8883569309213359 0.15508277714977603 0.2595247944524154
83 0.8883569309213359 1 0.9254184085662974 0.3706147764496153 0.2155319992998393
84 0.9254184085662974 1 0.9755431306157514 0.5012472204945397 0.1306324440449244
85 0.9755431306157514 1 1.0280529904395823 0.5250985982383101 0.023851377743770275
86 1.0280529904395823 1 1.0723267591843053 0.44273768744722997 -0.0823609107910801
87 1.0723267591843053 1 1.099921487654931 0.27594728470625784 -0.16679040274097212
88 1.099921487654931 1 1.1061521821710394 0.06230694516108293 -0.21364033954517492
89 1.1061521821710394 1 1.0908409055271344 -0.15311276643905003 -0.21541971160013296
90 1.0908409055271344 1 1.0581270116099977 -0.3271389391713664 -0.17402617273231635
91 1.0581270116099977 1 1.0154234100667183 -0.42703601543279335 -0.09989707626142696
92 1.0154234100667183 1 0.9717703065872593 -0.4365310347945903 -0.009495019361796975
93 0.9717703065872593 1 0.9359457969643213 -0.35824509622937933 0.07828593856521099
94 0.9359457969643213 1 0.914723353429666 -0.21222443534655305 0.14602066088282628
95 0.914723353429666 1 0.9116173613858103 -0.031059920438557487 0.18116451490799557
96 0.9116173613858103 1 0.9263431966669853 0.14725835281174982 0.1783182732503073
97 0.9263431966669853 1 0.9550641008507045 0.28720904183719176 0.13995068902544194
98 0.9550641008507045 1 0.9913361396550968 0.3627203880439232 0.07551134620673144
99 0.9913361396550968 1 1.0275273485882501 0.3619120893315334 -8.082987123897989E-4
