0.010000022 0 -0.1 0
0.03 0 -0.0999999995 -3.9999959999951997E-10
0.05 0 -0.09999998749999045 -7.999212916138307E-4
0.07 0 -0.09999991591535745 -0.0015929700511746895
0.09 0 -0.09999969068455997 -0.0023787531145009868
0.110000022 0 -0.09999917251208623 -0.0031569043667211572
0.13 1.305288584882484 -0.09999817808496303 -0.003927081998274382
0.15 1.305288584882484 -0.0999994982420883 0.005708040010544196
0.17 1.305288584882484 -0.09999898791348616 0.014815483091610192
0.19 1.305288584882484 -0.09998567265347882 0.02289547935043309
0.210000022 1.305288584882484 -0.09994191168432476 0.029851483215091
0.23 0.2516196113697828 -0.09984353877308462 0.03582455786670788
0.25 0.2516196113697828 -0.09969383907384038 0.036369854964141406
0.27 0.2516196113697828 -0.09948980421265907 0.03690615845286723
0.29 0.2516196113697828 -0.09922841038000373 0.03743403540728821
0.310000022 0.2516196113697828 -0.09890662129881592 0.03795401405179709
0.33 0.14167079736702687 -0.0985213920791339 0.0384665837633065
0.35 0.14167079736702687 -0.09807826366560601 0.03848739512460888
0.37 0.14167079736702687 -0.09757732372949669 0.03851003919914811
0.39 0.14167079736702687 -0.09701867480193431 0.038534790510076716
0.410000022 0.14167079736702687 -0.09640243009782593 0.038561891494682754
0.43 0.0982491332792251 -0.09572871176893041 0.03859155244912693
0.45 0.0982491332792251 -0.09500307280265508 0.038431636915505586
0.47 0.0982491332792251 -0.0942268117825042 0.03827501693086681
0.49 0.0982491332792251 -0.09340120147090994 0.038121974003230676
0.510000022 0.0982491332792251 -0.09252748309653715 0.03797275591550932
0.53 0.06330049642730945 -0.09160686481623843 0.037827576810739005
0.55 0.06330049642730945 -0.09064642493156126 0.03752834793711901
0.57 0.06330049642730945 -0.08964814790371367 0.0372326556346126
0.59 0.06330049642730945 -0.08861394519538675 0.03694078005409193
0.610000022 0.06330049642730945 -0.08754565033322877 0.03665296755973288
0.63 0.03329500998515886 -0.08644501952530732 0.03636943094806293
0.65 0.03329500998515886 -0.08531999360944695 0.03594912303182284
0.67 0.03329500998515886 -0.08417280565162076 0.035531815437955
0.69 0.03329500998515886 -0.08300557746899238 0.035117771602054745
0.710000022 0.03329500998515886 -0.08182031680618207 0.034707222640370336
0.73 0.008143870140752296 -0.08061892091995132 0.03430036769728835
0.75 0.008143870140752296 -0.07940929566358614 0.03377257920339372
0.77 0.008143870140752296 -0.07819356506857644 0.03324673450272372
0.79 0.008143870140752296 -0.07697372157802278 0.032723072158842174
0.810000022 0.008143870140752296 -0.07575162559153592 0.032201801305274315
0.83 -0.012167607425924473 -0.07452901173178983 0.0316831021356514
0.85 -0.012167607425924473 -0.07331302092090601 0.031059629329788875
0.87 -0.012167607425924473 -0.07210543345667257 0.030436817294845386
0.89 -0.012167607425924473 -0.07090789694557598 0.02981488791255214
0.910000022 -0.012167607425924473 -0.06972192765397761 0.029194038004989712
0.93 -0.02777448103734246 -0.06854891844024202 0.028574440005629413
0.95 -0.02777448103734246 -0.06739475869742043 0.027867403612296462
0.97 -0.02777448103734246 -0.0662607774958721 0.027159893921925193
0.99 -0.02777448103734246 -0.06514818518315087 0.026452143603167107
1.010000022 -0.02777448103734246 -0.06405807564562499 0.02574436585460997
1.03 -0.038919369135020546 -0.06299143467552594 0.025036755255778118
1.05 -0.038919369135020546 -0.061952647452655135 0.02426100172748614
1.07 -0.038919369135020546 -0.0609425864648446 0.02348421622119578
1.09 -0.038919369135020546 -0.059962028086898655 0.022706679510458426
1.110000022 -0.038919369135020546 -0.059011654936635294 0.021928658058075555
1.13 -0.045929067087594456 -0.058092063635024886 0.021150404910489938
1.15 -0.045929067087594456 -0.05720607191662504 0.020325755485038965
1.17 -0.045929067087594456 -0.056354155947240636 0.019500431624648033
1.19 -0.045929067087594456 -0.0555367209191205 0.01867478366850567
1.210000022 -0.045929067087594456 -0.05475410297794412 0.017849149212446336
1.23 -0.049192472079157265 -0.05400657571119341 0.017023853874373503
1.25 -0.049192472079157265 -0.05329546068800518 0.01617614307174721
1.27 -0.049192472079157265 -0.0526209290397919 0.01532907358563686
1.29 -0.049192472079157265 -0.05198310414366494 0.014483041261951435
1.310000022 -0.049192472079157265 -0.05138206291571143 0.013638425261198572
1.33 -0.04913961827950626 -0.05081784074452135 0.012795588883974817
1.35 -0.04913961827950626 -0.050290417698830574 0.011955339296876687
1.37 -0.04913961827950626 -0.04979975616979615 0.011117611882748075
1.39 -0.04913961827950626 -0.04934578958320851 0.01028277534677098
1.410000022 -0.04913961827950626 -0.048928423096648646 0.00945117528675695
1.43 -0.04622176006604177 -0.048547536987132885 0.00862313573778601
1.45 -0.04622176006604177 -0.04820196704083407 0.007821691083391577
1.47 -0.04622176006604177 -0.04789155214733432 0.007024515032344299
1.49 -0.04622176006604177 -0.04761611571910072 0.006231867511023899
1.510000022 -0.04622176006604177 -0.0473754659732698 0.005443982972753498
1.53 -0.04089353701651566 -0.04716939796717437 0.0046610731041504825
1.55 -0.04089353701651566 -0.046995814051434805 0.003925673644421751
1.57 -0.04089353701651566 -0.046854496381006125 0.003195516545511456
1.59 -0.04089353701651566 -0.04674522011555395 0.002470713576623897
1.610000022 -0.04089353701651566 -0.04666775352554003 0.0017513561742499176
1.63 -0.03359875272966703 -0.04662185896213986 0.0010375189283502297
1.65 -0.03359875272966703 -0.046604711934064166 3.8761973243463287E-4
1.67 -0.03359875272966703 -0.046616085130528534 -2.570971873780228E-4
1.69 -0.03359875272966703 -0.04665574869929251 -8.966491208837982E-4
1.710000022 -0.03359875272966703 -0.04672347041029132 -0.0015310636739319819
1.73 -0.02476066863054811 -0.04681901586575893 -0.00216037533405676
1.75 -0.02476066863054811 -0.046939026961852294 -0.00271418260181618
1.77 -0.02476066863054811 -0.047083297560635506 -0.0032637554669411603
1.79 -0.02476066863054811 -0.04725162063377314 -0.003809186919371543
1.810000022 -0.02476066863054811 -0.04744378866474026 -0.004350570316924854
1.83 -0.01477641457513925 -0.04765959337181095 -0.004887996575948672
1.85 -0.01477641457513925 -0.04789531948780491 -0.005342781735245714
1.87 -0.01477641457513925 -0.048150800462250745 -0.0057948070053556785
1.89 -0.01477641457513925 -0.048425868837424065 -0.006244186942088439
1.910000022 -0.01477641457513925 -0.048720356996394654 -0.006691029538460119
1.93 -0.004014156623202748 -0.04903409661150481 -0.007135434156524407
1.95 -0.004014156623202748 -0.04936317418051734 -0.007493683851150687
1.97 -0.004014156623202748 -0.04970747310828956 -0.00785080738794454
1.99 -0.004014156623202748 -0.05006687506662314 -0.008206904505844605
2.010000022 -0.004014156623202748 -0.050441261123032814 -0.008562064710541623
2.03 0.007188430343938901 -0.05083051106352218 -0.008916365817596323
2.05 0.007188430343938901 -0.05123065436577352 -0.009183784147730181
2.07 0.007188430343938901 -0.05164162974310054 -0.009451605272084978
2.09 0.007188430343938901 -0.05206337308320167 -0.009719897458920492
2.110000022 0.007188430343938901 -0.052495818935682975 -0.009988717277879406
2.13 0.01852532815075316 -0.05293889980417957 -0.010258108594958487
2.15 0.01852532815075316 -0.05338871105133926 -0.010441978510298312
2.17 0.01852532815075316 -0.053845248762053155 -0.010627531635364205
2.19 0.01852532815075316 -0.05430850511287188 -0.010814801946813704
2.210000022 0.01852532815075316 -0.054778470159348794 -0.011003811357609744
2.23 0.029723337540427684 -0.055255131153374965 -0.01119456905676961
2.25 0.029723337540427684 -0.055734752897696284 -0.011302739013853614
2.27 0.029723337540427684 -0.05621738832882191 -0.011413573194387776
2.29 0.029723337540427684 -0.05670308549976458 -0.01152707559602421
2.310000022 0.029723337540427684 -0.05719188958936762 -0.0116432381933276
2.33 0.040543223923407166 -0.05768384227502015 -0.011762040564739602
2.35 0.040543223923407166 -0.058175460945646844 -0.01180240025826367
2.37 0.040543223923407166 -0.058666852423508956 -0.011846112743963823
2.39 0.040543223923407166 -0.0591581177833053 -0.011893158784432967
2.410000022 0.040543223923407166 -0.05964935450050599 -0.011943507258715739
2.43 0.050780685740640416 -0.06014065589413103 -0.011997115044865423
2.45 0.050780685740640416 -0.06062885411014546 -0.011977389274590487
2.47 0.050780685740640416 -0.06111410442713712 -0.011961449466631208
2.49 0.050780685740640416 -0.06159655559689736 -0.011949259798944518
2.510000022 0.050780685740640416 -0.06207635205282905 -0.011940772729998165
2.53 0.06026696694301048 -0.06255363342874647 -0.011935929113945618
2.55 0.06026696694301048 -0.06302558812797354 -0.011863650177093874
2.57 0.06026696694301048 -0.06349241210867079 -0.01179538399051909
2.59 0.06026696694301048 -0.06395429409096119 -0.01173108367341151
2.610000022 0.06026696694301048 -0.06441141775579295 -0.011670690840980793
2.63 0.06886896785378126 -0.06486396134092233 -0.011614135930059144
2.65 0.06886896785378126 -0.06530949166580378 -0.01149669701004238
2.67 0.06886896785378126 -0.06574823563227468 -0.011383341440931331
2.69 0.06886896785378126 -0.06618041226966627 -0.011274015455686504
2.710000022 0.06886896785378126 -0.06660623486612358 -0.011168654102681554
2.73 0.07648875282687218 -0.06702591064007705 -0.01106718175804532
2.75 0.07648875282687218 -0.06743738992596192 -0.01091190739115339
2.77 0.07648875282687218 -0.06784091953917708 -0.010760675960617201
2.79 0.07648875282687218 -0.06823673789833577 -0.010613429745754277
2.810000022 0.07648875282687218 -0.06862507704296995 -0.010470100308233247
2.83 0.08306239731453488 -0.06900616237670487 -0.010330609165736165
2.85 0.08306239731453488 -0.06937831877715406 -0.010144802145225902
2.87 0.08306239731453488 -0.06974180150159687 -0.009962923303920037
2.89 0.08306239731453488 -0.07009685704335215 -0.009784912877728568
2.910000022 0.08306239731453488 -0.07044372500085773 -0.009610701023170382
2.93 0.08855816083182 -0.07078263788690696 -0.009440208625308569
2.95 0.08855816083182 -0.0711122754347658 -0.00923114930844081
2.97 0.08855816083182 -0.07143289033490907 -0.009025855586648611
2.99 0.08855816083182 -0.07174472634952628 -0.008824266774026042
3.010000022 0.08855816083182 -0.07204802000765849 -0.008626312918302112
3.03 0.09297401669501171 -0.0723430004731703 -0.008431915714362258
3.05 0.09297401669501171 -0.07262867529228523 -0.00820680344481807
3.07 0.09297401669501171 -0.07290528486018448 -0.007985262602730024
3.09 0.09297401669501171 -0.07317306071381417 -0.007767232151653203
3.110000022 0.09297401669501171 -0.07343222703602366 -0.0075526427629329825
3.13 0.09633461278166508 -0.0736830005736058 -0.007341417804553235
3.15 0.09633461278166508 -0.0739246853417626 -0.0071072570121649085
3.17 0.09633461278166508 -0.07415750161160388 -0.006876449218582858
3.19 0.09633461278166508 -0.07438166110944702 -0.006648933307161818
3.210000022 0.09633461278166508 -0.07459736831991852 -0.006424640977111934
3.23 0.09868777588695778 -0.07480482044464092 -0.00620349777627233
3.25 0.09868777588695778 -0.07500358484845071 -0.005966942993971448
3.27 0.09868777588695778 -0.07519385610777185 -0.005733499511047213
3.29 0.09868777588695778 -0.0753758207951604 -0.0055031063483928
3.310000022 0.09868777588695778 -0.07554965857737049 -0.00527569654661838
3.33 0.10010070054994503 -0.07571554220526201 -0.005051198211198506
3.35 0.10010070054994503 -0.07587326938409926 -0.004818380889353158
3.37 0.10010070054994503 -0.07602300576798283 -0.004588407837594755
3.39 0.10010070054994503 -0.07616490973760709 -0.00436121858835967
3.410000022 0.10010070054994503 -0.07629913329457526 -0.0041367479469983145
3.43 0.10065597753986232 -0.0764258220738733 -0.003914927019080514
3.45 0.10065597753986232 -0.07654497245869753 -0.003691290508808551
3.47 0.10065597753986232 -0.07665672013831104 -0.0034702040022178103
3.49 0.10065597753986232 -0.07676119439518783 -0.003251608196235963
3.510000022 0.10065597753986232 -0.07685851880152063 -0.003035440312152967
3.53 0.1004476161735892 -0.0769488112470213 -0.0028216350779228815
3.55 0.1004476161735892 -0.07703223713879423 -0.0026118015814027584
3.57 0.1004476161735892 -0.0771089030039388 -0.0024041972036375195
3.59 0.1004476161735892 -0.07717890990501668 -0.00219876474737946
3.610000022 0.1004476161735892 -0.077242353948758 -0.001995444739233826
3.63 0.09957720004821013 -0.07729932632376678 -0.0017941763443571437
3.65 0.09957720004821013 -0.07735013402932579 -0.0016018620212473328
3.67 0.09957720004821013 -0.07739485663037272 -0.001411433565764091
3.69 0.09957720004821013 -0.07743356918566587 -0.0012228370222857985
3.710000022 0.09957720004821013 -0.07746634258212012 -0.0010360172635087753
3.73 0.09815029180525699 -0.0774932435789274 -8.509188204319296E-4
3.75 0.09815029180525699 -0.07751469547259154 -6.789032112190105E-4
3.77 0.09815029180525699 -0.07753075398067188 -5.084155749950031E-4
3.79 0.09815029180525699 -0.07754147123708384 -3.39406373233117E-4
3.810000022 0.09815029180525699 -0.0775468959682208 -1.7182587424690018E-4
3.83 0.09627317429483229 -0.07754707354176903 -5.624887001354924E-6
3.85 0.09627317429483229 -0.07754252015209363 1.4422860795676521E-4
3.87 0.09627317429483229 -0.07753327124334544 2.929165540725186E-4
3.89 0.09627317429483229 -0.07751935952274226 4.4048301887591855E-4
3.910000022 0.09627317429483229 -0.07750081499660187 5.869714271826994E-4
3.93 0.09404998743110805 -0.07747766502353144 7.324239297646347E-4
3.95 0.09404998743110805 -0.07745049691496922 8.591063760910259E-4
3.97 0.09404998743110805 -0.077419329490156 9.849792025170064E-4
3.99 0.09404998743110805 -0.07738417957610988 0.001110080196882982
4.010000022 0.09404998743110805 -0.07734506192289296 0.001234445814792207
4.03 0.09158029498987408 -0.07730198926176796 0.0013581106528167603
4.05 0.09158029498987408 -0.07725559963166241 0.0014613775467589465
4.07 0.09158029498987408 -0.0772058986607983 0.001564173734778981
4.09 0.09158029498987408 -0.07715289061527851 0.0016665302263537667
4.110000022 0.09158029498987408 -0.0770965782133656 0.0017684761497287578
4.13 0.08895709475867515 -0.07703696268959648 0.0018700383284397343
4.15 0.08895709475867515 -0.07697471368292573 0.001950303844089708
4.17 0.08895709475867515 -0.07690982666299202 0.0020304115925250327
4.19 0.08895709475867515 -0.07684229625190934 0.002110385623459502
4.210000022 0.08895709475867515 -0.07677211595712269 0.0021902476857143765
4.23 0.08626526875996793 -0.07669927824240656 0.0022700169034155578
4.25 0.08626526875996793 -0.07662446646576372 0.0023282428557919238
4.27 0.08626526875996793 -0.07654766847731197 0.0023865911919527315
4.29 0.08626526875996793 -0.07646887168669653 0.0024450791029082338
4.310000022 0.08626526875996793 -0.07638806273330893 0.0025037211754069936
4.33 0.08358045711962278 -0.07630522756467223 0.0025625291623898637
4.35 0.08358045711962278 -0.07622104671008056 0.002600116105881807
4.37 0.08358045711962278 -0.0761355024320152 0.0026380682938064175
4.39 0.08358045711962278 -0.07604857686564503 0.002676396385005513
4.410000022 0.08358045711962278 -0.07596025164397363 0.0027151082343302374
4.43 0.0809683288873708 -0.07587050798346803 0.002754208750602791
4.45 0.0809683288873708 -0.07578000853095074 0.0027728937304815986
4.47 0.0809683288873708 -0.07568873152868649 0.0027921471829840962
4.49 0.0809683288873708 -0.07559665532720093 0.0028119737248353356
4.510000022 0.0809683288873708 -0.07550375798138471 0.0028323750613596494
4.53 0.07848421525931921 -0.07541001734249386 0.002853349924181641
4.55 0.07848421525931921 -0.0753160648132069 0.0028551131110426484
4.57 0.07848421525931921 -0.0752218757954515 0.0028576078565792752
4.59 0.07848421525931921 -0.07512742597384486 0.0028608333333208632
4.610000022 0.07848421525931921 -0.07503269089705725 0.0028647857773109867
4.63 0.07617306494088714 -0.07493764607462211 0.002869458496989534
4.65 0.07617306494088714 -0.07484288019348972 0.002856439410729432
4.67 0.07617306494088714 -0.07474836669873518 0.0028442757560269067
4.69 0.07617306494088714 -0.07465407944617967 0.002832961922900411
4.710000022 0.07617306494088714 -0.07455999228149968 0.0028224894129476085
4.73 0.07406967768159961 -0.07446607913973498 0.002812846910282968
4.75 0.07406967768159961 -0.07437287657601793 0.002787270107434269
4.77 0.07406967768159961 -0.07428035675525192 0.002762635383038319
4.79 0.07406967768159961 -0.07418849234681173 0.0027389330381015022
4.810000022 0.07406967768159961 -0.07409725611206763 0.0027161505974611336
4.83 0.07219917019791357 -0.07400662100412779 0.0026942729332977973
4.85 0.07219917019791357 -0.07391706419442276 0.0026583827098950173
4.87 0.07219917019791357 -0.07382855711481114 0.0026234867081140673
4.89 0.07219917019791357 -0.07374107176994607 0.002589571843371306
4.910000022 0.07219917019791357 -0.07365458034212327 0.0025566224221281334
4.93 0.07057762862479343 -0.07356905528866672 0.002524620308362127
4.95 0.07057762862479343 -0.0734849093473073 0.0024806239596259563
4.97 0.07057762862479343 -0.07340211369344019 0.002437642678892173
4.99 0.07057762862479343 -0.07332064012414102 0.0023956606943426172
5.01000006 0.07057762862479343 -0.0732404606875822 0.0023546598376612
5.03 0.07057762862479343 -0.07316154777556137 0.002314615353532657
5.05 -0.5807870969142778 -0.07308387435845613 0.0022755304947744805
5.07 -0.5807870969142778 -0.07318521375481385 -0.002967712199746112
5.09 -0.5807870969142778 -0.07346331385796827 -0.008096402723570472
5.11000001 -0.5807870969142778 -0.0739145176160536 -0.013000403664748274
5.13 -0.06174540897800265 -0.0745337993708908 -0.01760596262965604
5.15 -0.06174540897800265 -0.07517802587977429 -0.018424751681818053
5.17 -0.06174540897800265 -0.07584605552012702 -0.0192316064722877
5.19 -0.06174540897800265 -0.07653668849341663 -0.020026715466141844
5.21000001 -0.06174540897800265 -0.07724866557362044 -0.020810271066328358
5.23 -0.005467245679574559 -0.07798066517081517 -0.02158246617606029
5.25 -0.005467245679574559 -0.07871741889534557 -0.02198235980714934
5.27 -0.005467245679574559 -0.07945821602502787 -0.022381415451116285
5.29 -0.005467245679574559 -0.08020231460913083 -0.022779628267428773
5.31000001 -0.005467245679574559 -0.08094894195546339 -0.023176980007483364
5.33 0.022279992979028183 -0.08169729329228864 -0.023573438669532362
5.35 0.022279992979028183 -0.08244024894762342 -0.023796794250100423
5.37 0.022279992979028183 -0.08317734038059828 -0.02402236528864621
5.39 0.022279992979028183 -0.08390807594895285 -0.024250070751470152
5.41000001 0.022279992979028183 -0.08463194210060415 -0.024479817625863008
5.43 0.04722759115766252 -0.08534840272756687 -0.024711500748425406
5.45 0.04722759115766252 -0.08605181548563842 -0.024793283869372643
5.47 0.04722759115766252 -0.08674198547299704 -0.024878700646442656
5.49 0.04722759115766252 -0.08741870073492625 -0.024967639266597483
5.51000001 0.04722759115766252 -0.0880817338273708 -0.025059976846297797
5.53 0.07058530771393387 -0.0887308416315398 -0.02515557940602277
5.55 0.07058530771393387 -0.08936157213925888 -0.025113176579460116
5.57 0.07058530771393387 -0.08997402612587924 -0.025074803875425773
5.59 0.07058530771393387 -0.09056829072955443 -0.025040346245804854
5.61000001 0.07058530771393387 -0.0911444411041896 -0.02500967802647695
5.63 0.09199101595848629 -0.09170254049177197 -0.02498266306577277
5.65 0.09199101595848629 -0.09223933349741562 -0.024829050357879204
5.67 0.09199101595848629 -0.09275520485084701 -0.024679157391337747
5.69 0.09199101595848629 -0.09325052576475565 -0.024532881535574147
5.71000001 0.09199101595848629 -0.09372565547635639 -0.024390110026888914
5.73 0.11105887136543163 -0.09418094143295519 -0.024250720231143358
5.75 0.11105887136543163 -0.09461425051905553 -0.023996694344215332
5.77 0.11105887136543163 -0.09502620585934338 -0.023745634736648254
5.79 0.11105887136543163 -0.09541741410617548 -0.02349746061214142
5.81000001 0.11105887136543163 -0.09578846677622764 -0.023252081910935286
5.83 0.12749051565706604 -0.09613994048548359 -0.023009399682187223
5.85 0.12749051565706604 -0.0964706666863491 -0.022665010253556904
5.87 0.12749051565706604 -0.09678143539106965 -0.022322634577856007
5.89 0.12749051565706604 -0.09707301512228711 -0.021982222189579743
5.91000001 0.12749051565706604 -0.09734615404409278 -0.0216437148201776
5.93 0.14108763563482019 -0.09760158024877708 -0.02130704686452982
5.95 0.14108763563482019 -0.0978388776227142 -0.02088291226995015
5.97 0.14108763563482019 -0.09805891806637179 -0.02045987886617675
5.99 0.14108763563482019 -0.09826254635214529 -0.02003793710858839
6.01000001 0.14108763563482019 -0.09845058110341459 -0.019617071685835333
6.03 0.1517546301658695 -0.09862381516657504 -0.01919726206135424
6.05 0.1517546301658695 -0.09878235229024669 -0.018705788678733733
6.07 0.1517546301658695 -0.09892706153945796 -0.01821477040793318
6.09 0.1517546301658695 -0.0990587800231999 -0.01772425028766597
6.11000001 0.1517546301658695 -0.09917831378697953 -0.017234267787635777
6.13 0.15949661117020209 -0.09928643829908174 -0.016744859375677018
6.15 0.15949661117020209 -0.09938355569259702 -0.016201205610226734
6.17 0.15949661117020209 -0.09947045975202345 -0.015657803736560224
6.19 0.15949661117020209 -0.09954790935745537 -0.01511475632447806
6.21000001 0.15949661117020209 -0.09961662933718213 -0.014572163872679718
6.23 0.16441273528196212 -0.099677311069782 -0.014030125322068545
6.25 0.16441273528196212 -0.09973046884662767 -0.013452602904405458
6.27 0.16441273528196212 -0.09977676910970103 -0.012875639146884887
6.29 0.16441273528196212 -0.09981684284939656 -0.012299390308657197
6.31000001 0.16441273528196212 -0.09985128643182126 -0.01172401051183081
6.33 0.16668503126718398 -0.09988066228574331 -0.011149652153929266
6.35 0.16668503126718398 -0.09990546009219743 -0.010559232564874586
6.37 0.16668503126718398 -0.09992619064370434 -0.009970099937341716
6.39 0.16668503126718398 -0.09994333110326364 -0.009382441527574996
6.41000001 0.16668503126718398 -0.09995732579236409 -0.008796440784077904
6.43 0.1665635045252953 -0.0999685869085059 -0.008212277719162518
6.45 0.1665635045252953 -0.09997749627644309 -0.007631094198201636
6.47 0.1665635045252953 -0.09998440349653981 -0.007052115701059739
6.49 0.1665635045252953 -0.09998962827416222 -0.0064755265799051045
6.51000001 0.1665635045252953 -0.09999346113886966 -0.005901505236424548
6.53 0.16434888610043846 -0.09999616413168133 -0.005330224592571882
6.55 0.16434888610043846 -0.09999797712614956 -0.00477939369910359
6.57 0.16434888610043846 -0.09999910158476652 -0.004231586892595635
6.59 0.16434888610043846 -0.09999971403429957 -0.0036869540918044097
6.61000001 0.16434888610043846 -0.09999996668629091 -0.0031456381797730013
6.63 0.16037471615285934 -0.09999998804303935 -0.0026077756639273746
6.65 0.16037471615285934 -0.09999988105587193 -0.002105230938475448
6.67 0.16037471615285934 -0.09999972486423456 -0.0016062012602800163
6.69 0.16037471615285934 -0.09999957912700401 -0.0011107851759350929
6.71000001 0.16037471615285934 -0.09999948452483318 -6.190748955911167E-4
6.73 0.15499035200461198 -0.09999946325353261 -1.3115709893173378E-4
6.75 0.15499035200461198 -0.09999951280847141 3.098144237169248E-4
6.77 0.15499035200461198 -0.09999962245840392 7.472020820304195E-4
6.79 0.15499035200461198 -0.09999976730921796 0.0011809581048955176
6.81000001 0.15499035200461198 -0.09999990868259383 0.0016110390035200736
6.83 0.148546009046827 -0.09999999448678415 0.002037404748235345
6.85 0.148546009046827 -0.09999996186411943 0.002408612276391455
6.87 0.148546009046827 -0.09999974387710947 0.002776549325087285
6.89 0.148546009046827 -0.09999926413632802 0.003141206585104718
6.91000001 0.148546009046827 -0.09999843706161284 0.003502576574245323
6.93 0.14138032562171865 -0.09999716813721872 0.0038606529127039498
6.95 0.14138032562171865 -0.09999538174945378 0.0041585831219158225
6.97 0.14138032562171865 -0.099992985433456 0.004453819313991314
6.99 0.14138032562171865 -0.09998988108577953 0.004746375005101043
7.01000001 0.14138032562171865 -0.09998596512189518 0.005036263418298661
7.03 0.13381046605257155 -0.09998112863342573 0.005323496912982334
7.05 0.13381046605257155 -0.09997532485041455 0.005548416193774495
7.07 0.13381046605257155 -0.09996846067932459 0.005771345344659907
7.09 0.13381046605257155 -0.09996044017659553 0.005992307600290692
7.11000001 0.13381046605257155 -0.09995116462021812 0.006211324383998167
7.13 0.12612455571333966 -0.09994053259217116 0.006428414897416203
7.15 0.12612455571333966 -0.09992855630007673 0.006583368333890257
7.17 0.12612455571333966 -0.09991515970506538 0.006737051675020164
7.19 0.12612455571333966 -0.09990026569195777 0.006889489373849393
7.21000001 0.12612455571333966 -0.0998837960745977 0.0070407030950080576
7.23 0.11857621630805068 -0.09986567162833969 0.007190711449142291
7.25 0.11857621630805068 -0.09984597968336645 0.007280648633870106
7.27 0.11857621630805068 -0.09982467147997838 0.007369979635929821
7.29 0.11857621630805068 -0.09980169805719702 0.007458725777419585
7.31000001 0.11857621630805068 -0.09977701021213568 0.007546904988333884
7.33 0.11138101336886677 -0.09975055850654103 0.0076345316674606865
7.35 0.11138101336886677 -0.09972250757899398 0.007665641731043106
7.37 0.11138101336886677 -0.09969283941754938 0.007696717337306871
7.39 0.11138101336886677 -0.09966153597343688 0.007727775092712771
7.41000001 0.11138101336886677 -0.09962857909404156 0.007758827839193566
7.43 0.10471465661408809 -0.09959395052455416 0.007789884626221217
7.45 0.10471465661408809 -0.09955788241729979 0.00776912944961764
7.47 0.10471465661408809 -0.09952038557436936 0.00774880938207514
7.49 0.10471465661408809 -0.09948147043849637 0.0077289361669691916
7.51000001 0.10471465661408809 -0.09944114701699236 0.007709517562317631
7.53 0.09871278525929907 -0.09939942489480863 0.00769055741141321
7.55 0.09871278525929907 -0.09935658517949775 0.007625352446213837
7.57 0.09871278525929907 -0.09931266184069043 0.0075609552157538855
7.59 0.09871278525929907 -0.09926768790305875 0.007497372976122231
7.61000001 0.09871278525929907 -0.09922169537486258 0.007434608899431115
7.63 0.09347213872190448 -0.09917471528271304 0.007372662231293267
7.65 0.09347213872190448 -0.09912705410967322 0.007270648758902066
7.67 0.09347213872190448 -0.09907876136465311 0.007169730330762571
7.69 0.09347213872190448 -0.09902988495806625 0.007069910120013495
7.71000001 0.09347213872190448 -0.09898047114401494 0.006971187236462504
7.73 0.08905287933922985 -0.09893056458064375 0.006873556958718428
7.75 0.08905287933922985 -0.09888047217643711 0.006742420092411298
7.77 0.08905287933922985 -0.09883025090576375 0.006612592421142748
7.79 0.08905287933922985 -0.09877995557023235 0.006484073283260166
7.81000001 0.08905287933922985 -0.09872963875879598 0.006356858098079801
7.83 0.08548181176117602 -0.0986793509317999 0.00623093865939282
7.85 0.08548181176117602 -0.09862937620400711 0.006078241266568093
7.87 0.08548181176117602 -0.09857977168365988 0.005927003641676759
7.89 0.08548181176117602 -0.09853059190289942 0.005777221391400545
7.91000001 0.08548181176117602 -0.09848188879602733 0.00562888647178864
7.93 0.08275623897887709 -0.09843371180102986 0.005481987528665157
7.95 0.08275623897887709 -0.09838630303254323 0.005315006206641353
7.97 0.08275623897887709 -0.098339713917374 0.0051495778036541925
7.99 0.08275623897887709 -0.09829399311261008 0.004985694268091883
8.01000001 0.08275623897887709 -0.09824918649949649 0.004823344281351098
8.03 0.08084820711484864 -0.0982053372938206 0.004662513629750716
8.05 0.08084820711484864 -0.0981626317869609 0.004488076192081017
8.07 0.08084820711484864 -0.09812111179654238 0.004315230881318209
8.09 0.08084820711484864 -0.09808081638254419 0.004143966176960449
8.11000001 0.08084820711484864 -0.09804178185290384 0.003974267770632106
8.13 0.07970891687771879 -0.0980040418736844 0.003806118953767374
8.15 0.07970891687771879 -0.09796771898336401 0.003630451948492681
8.17 0.07970891687771879 -0.09793284338322841 0.0034563647225960923
8.19 0.07970891687771879 -0.09789944270136879 0.0032838427086809697
8.21000001 0.07970891687771879 -0.0978675420060414 0.0031128690964780685
8.23 0.07927311462153443 -0.09783716390764763 0.0029434252210548484
8.25 0.07927311462153443 -0.09780836495111439 0.0027720239864545515
8.27 0.07927311462153443 -0.09778116342163912 0.002602141611461065
8.29 0.07927311462153443 -0.0977555753391808 0.002433761182928593
8.31000001 0.07927311462153443 -0.09773161447637158 0.002266864119705252
8.33 0.07946331559180222 -0.09770929244644935 0.002101430547570421
8.35 0.07946331559180222 -0.09768860252244195 0.0019389634340866609
8.37 0.07946331559180222 -0.09766955211874052 0.0017779104743208545
8.39 0.07946331559180222 -0.0976521467630748 0.0016182533526235706
8.41000001 0.07946331559180222 -0.09763639011693287 0.0014599726527471592
8.43 0.08019375169635287 -0.09762228404608839 0.0013030482080106539
8.45 0.08019375169635287 -0.09760976518699299 0.0011533021774295573
8.47 0.08019375169635287 -0.09759883204812951 0.0010048288321976666
8.49 0.08019375169635287 -0.09758948165188826 8.576095340907155E-4
8.51000001 0.08019375169635287 -0.0975817095566033 7.116250711301186E-4
8.53 0.08137397217279672 -0.09757550990870395 5.668559743080473E-4
8.55 0.08137397217279672 -0.09757077206755849 4.327248412118345E-4
8.57 0.08137397217279672 -0.09756748809880716 2.9969709816222447E-4
8.59 0.08137397217279672 -0.09756564896506824 1.6775486234499366E-4
8.61000001 0.08137397217279672 -0.09756524454958135 3.6880138913708986E-5
8.63 0.08291205518114027 -0.09756626369095223 -9.294490144383559E-5
8.65 0.08291205518114027 -0.09756855937180382 -2.0943380512167587E-4
8.67 0.08291205518114027 -0.09757211980442154 -3.250064394288866E-4
8.69 0.08291205518114027 -0.0975769324353362 -4.396789879110851E-4
8.71000001 0.08291205518114027 -0.09758298397106732 -5.534673635495572E-4
8.73 0.08471741049786559 -0.0975902603977668 -6.663869733897038E-4
8.75 0.08471741049786559 -0.09759858969307594 -7.640156120258456E-4
8.77 0.08471741049786559 -0.09760795863614857 -8.609228965082893E-4
8.79 0.08471741049786559 -0.09761835351474628 -9.571225969712785E-4
8.81000001 0.08471741049786559 -0.09762976015370883 -0.0010526279134451567
8.83 0.08670316848388296 -0.09764216392253117 -0.0011474512835274997
8.85 0.08670316848388296 -0.09765537875099202 -0.0012257325539984114
8.87 0.08670316848388296 -0.09766939202720269 -0.0013034860554459304
8.89 0.08670316848388296 -0.09768419085221271 -0.0013807227055022404
8.91000001 0.08670316848388296 -0.0976997620716893 -0.0014574526313349471
8.93 0.08878815978644346 -0.09771609227467251 -0.0015336850195763578
8.95 0.08878815978644346 -0.09773299121848178 -0.001592772079268969
8.97 0.08878815978644346 -0.09775044844136409 -0.0016515160588476752
8.99 0.08878815978644346 -0.09776845332979642 -0.0017099248565559417
9.01000001 0.08878815978644346 -0.09778699515354448 -0.0017680054302824668
9.03 0.09089849574817911 -0.09780606305866824 -0.0018257636878225522
9.05 0.09089849574817911 -0.09782547098344532 -0.0018663541713219442
9.07 0.09089849574817911 -0.09784521161128404 -0.0019067716697421626
9.09 0.09089849574817911 -0.09786527754711362 -0.0019470211285124571
9.11000001 0.09089849574817911 -0.09788566135562418 -0.0019871064625164056
9.13 0.09296876309959219 -0.09790635555117835 -0.002027030483983684
9.15 0.09296876309959219 -0.09792718485722914 -0.0020502706997611794
9.17 0.09296876309959219 -0.097948145570035 -0.002073489605907732
9.19 0.09296876309959219 -0.09796923392970104 -0.002096689436447745
9.21000001 0.09296876309959219 -0.0979904461610571 -0.0021198713535557677
9.23 0.09494284962862296 -0.09801177846259237 -0.002143035409850357
9.25 0.09494284962862296 -0.09803307115465384 -0.002150427652900358
9.27 0.09494284962862296 -0.09805432415346521 -0.0021579296734407913
9.29 0.09494284962862296 -0.09807553730360408 -0.002165541346576871
9.31000001 0.09494284962862296 -0.09809671042070481 -0.00217326147345738
9.33 0.09677442098955018 -0.09811784328096254 -0.0021810877743710985
9.35 0.09677442098955018 -0.09813879492274223 -0.0021744024116361325
9.37 0.09677442098955018 -0.09815956852656338 -0.0021679364819502073
9.39 0.09677442098955018 -0.09818016716160365 -0.00216168790703733
9.41000001 0.09677442098955018 -0.09820059382923689 -0.0021556535636285375
9.43 0.09842707291499882 -0.09822085145411535 -0.0021498293035021464
9.45 0.09842707291499882 -0.0982408194273173 -0.0021310223814647016
9.47 0.09842707291499882 -0.09826050358779623 -0.002112523240478392
9.49 0.09842707291499882 -0.09827990961200254 -0.0020943282614939033
9.51000001 0.09842707291499882 -0.09829904305718778 -0.0020764328339074856
9.53 0.09987418768675958 -0.0983179093546066 -0.0020588313985112736
9.55 0.09987418768675958 -0.0983364086602772 -0.0020299681223258726
9.57 0.09987418768675958 -0.09835454872863128 -0.002001480438083531
9.59 0.09987418768675958 -0.09837233709982363 -0.0019733635740022785
9.61000001 0.09987418768675958 -0.09838978114173919 -0.0019456118393196393
9.63 0.10109852840128632 -0.09840688804547984 -0.0019182186860306832
9.65 0.10109852840128632 -0.09842357820734848 -0.0018814030784940119
9.67 0.10109852840128632 -0.09843986051936897 -0.0018450115057734346
9.69 0.10109852840128632 -0.09845574361522481 -0.001809038388867415
9.71000001 0.10109852840128632 -0.09847123590998123 -0.0017734773170751195
9.73 0.10209160882680883 -0.09848634559774161 -0.0017383211243990864
9.75 0.10209160882680883 -0.09850101212965438 -0.001695632318752916
9.77 0.10209160882680883 -0.09851524480572754 -0.0016533980256087518
9.79 0.10209160882680883 -0.09852905263678481 -0.0016116121549429976
9.81000001 0.10209160882680883 -0.09854244438104173 -0.0015702678831932527
9.83 0.10285288000257437 -0.0985554285436312 -0.0015293577402903692
9.85 0.10285288000257437 -0.0985679620284292 -0.0014827935391670652
9.87 0.10285288000257437 -0.09858005392191715 -0.0014366979083560154
9.89 0.10285288000257437 -0.09859171300650832 -0.0013910644947353035
9.91000001 0.10285288000257437 -0.09860294779327955 -0.0013458863172222699
9.93 0.10338877679347419 -0.09861376652296501 -0.0013011558605790772
9.95 0.10338877679347419 -0.09862414173196496 -0.0012525842926704267
9.97 0.10338877679347419 -0.09863408181518374 -0.0012044805826571428
9.99 0.10338877679347419 -0.09864359486482088 -0.0011568383194536392
