0.010000022 -1.0E-4 -9.999989999988E-9
0.03 -5.000001963998015E-4 -0.020000031820025077
0.05 -0.0012968010976338097 -0.0398400450617004
0.07 -0.002487229782324549 -0.05952143423453696
0.09 -0.004068142217295523 -0.07904562174854875
0.110000022 -0.0060364237248479585 -0.09841396712225792
0.13 -0.0031678331121099347 0.14342968840955844
0.15 0.004499084842600634 0.3833458977355286
0.17 0.01692789925282077 0.6214407205110063
0.19 0.03408634339455517 0.8579222070867204
0.210000022 0.05594676829622183 1.0930200427612857
0.23 0.07827097521036752 1.1162115735400153
0.25 0.10105743035049503 1.1393227570063758
0.27 0.12430478008543959 1.1623674867472271
0.29 0.14801195848271406 1.1853589198637258
0.310000022 0.17217817278406528 1.2083093859272358
0.33 0.19636309178870837 1.2092472804041612
0.35 0.2205684579510988 1.2102683081195242
0.37 0.24479615785124284 1.2113849950072006
0.39 0.2690483270796069 1.2126084614182022
0.410000022 0.293327322211069 1.2139484212298408
0.43 0.3174620061119105 1.2067355224511513
0.45 0.3414559742551778 1.199698407163365
0.47 0.36531293161670847 1.1928478680765349
0.49 0.3890367928094595 1.1861930596375514
0.510000022 0.4126316495792793 1.1797415407752896
0.53 0.4359619446139864 1.1665160349029962
0.55 0.45903276820628086 1.1535411796147217
0.57 0.4818492705701311 1.1408251181925175
0.59 0.5044167560186928 1.128374272428086
0.610000022 0.526740648981392 1.116193420322189
0.63 0.548706439625883 1.0982907403443658
0.65 0.5703203580061459 1.0806959190131462
0.67 0.5915886379419911 1.063413996792261
0.69 0.6125176045214927 1.0464483289750852
0.710000022 0.6331136409831489 1.0298006903020474
0.73 0.6532825531152839 1.0084467158981392
0.75 0.6730313354143418 0.9874391149528918
0.77 0.6923669319956774 0.966779829066782
0.79 0.7112963168826286 0.9464692443475577
0.810000022 0.7298264635425555 0.9265063138394029
0.83 0.7478830709341701 0.9028313626952262
0.85 0.7654735371573681 0.8795233111599013
0.87 0.7826051639478564 0.8565813395244141
0.89 0.7992852291692085 0.8340032610676055
0.910000022 0.8155209600982211 0.8117856534864101
0.93 0.8312570818100165 0.7868069510774125
0.95 0.8465010742581764 0.7621996224080032
0.97 0.861260286096516 0.7379605919169745
0.99 0.8755419986955608 0.7140856299522429
1.010000022 0.8893534036044554 0.6905694858182906
1.03 0.9026570030845559 0.6651807057038028
1.05 0.9154600851253712 0.6401541020407681
1.07 0.9277697824789024 0.6154848676765573
1.09 0.9395931275255041 0.591167252330082
1.110000022 0.9509370338435867 0.5671946919899776
1.13 0.9617802415408537 0.5421609812404294
1.15 0.9721296175877053 0.5174688023425795
1.17 0.981991859015919 0.4931120714106836
1.19 0.9913735381574318 0.46908395707563844
1.210000022 1.0002810880218327 0.4453770033053399
1.23 1.0087077364812806 0.4213328864385737
1.25 1.0166597379066964 0.3976000712707869
1.27 1.0241431694332939 0.3741715763298733
1.29 1.0311639664899523 0.3510398528329236
1.310000022 1.0377279117055866 0.32819689976512445
1.33 1.0438408375092572 0.30564662639481494
1.35 1.0495082285360526 0.28336955133977354
1.37 1.05473539161752 0.2613581540733654
1.39 1.0595274819661493 0.23960451743147115
1.410000022 1.063889495448127 0.21810043418840838
1.43 1.0678379344007314 0.1974221647945979
1.45 1.0713773960238622 0.17697308115653937
1.47 1.07451230633801 0.15674551570739034
1.49 1.077246937678973 0.1367315670481538
1.510000022 1.079585404183888 0.1169231966302269
1.53 1.081552972084141 0.09837850322900857
1.55 1.0831532820498717 0.08001549828653413
1.57 1.0843898178158302 0.06182678829792504
1.59 1.085265915698954 0.04380489415618523
1.610000022 1.0857847629952124 0.025942336276355636
1.63 1.0859785771982589 0.009690720812114275
1.65 1.0858500272769165 -0.006427496067118448
1.67 1.0854016463928828 -0.022419044201682482
1.69 1.084635834099617 -0.038290614663294385
1.710000022 1.083554857168487 -0.05404878710283213
1.73 1.0821962041897812 -0.06793272366128328
1.75 1.0805616076645932 -0.08172982625940232
1.77 1.0786526902965081 -0.09544586840425354
1.79 1.0764709605190432 -0.10908648887324447
1.810000022 1.0740178151936648 -0.12265713134607696
1.83 1.0713344805212592 -0.13416688120384737
1.85 1.0684218270878716 -0.14563267166938218
1.87 1.065280644022356 -0.15705915327578465
1.89 1.0619116285709584 -0.16845077256987423
1.910000022 1.0583153901514286 -0.1798117231835954
1.93 1.054535504411444 -0.18899449489317802
1.95 1.05057207992577 -0.198171224283694
1.97 1.046425172150722 -0.20734538875239997
1.99 1.042094767866938 -0.21652021418919734
2.010000022 1.0375807901710115 -0.22569863652783423
2.03 1.0329279145808468 -0.23264403541667406
2.05 1.0281356001130169 -0.23961572339149506
2.07 1.0232032792686787 -0.24661604221690703
2.09 1.0181303382432192 -0.2536470512729758
2.110000022 1.0129161225325043 -0.26071049875419544
2.13 1.0076052907051865 -0.2655418834619642
2.15 1.002196767418386 -0.27042616434002054
2.17 0.9966894745756819 -0.27536464213520606
2.19 0.9910823082329165 -0.2803583171382682
2.210000022 0.9853741445675472 -0.28540786931980805
2.23 0.9796086382829263 -0.28827563133424056
2.25 0.9737842909508678 -0.2912173666029247
2.27 0.9678996217084334 -0.29423346212172324
2.29 0.9619531417765457 -0.29732399659438385
2.310000022 0.9559433605892356 -0.30048872882790256
2.33 0.94991207170153 -0.3015647761065313
2.35 0.9438574568323435 -0.3027307434593282
2.37 0.9377777319001324 -0.30398624661055446
2.39 0.9316711200276194 -0.30533059362564646
2.410000022 0.925535857661833 -0.3067627808502617
2.43 0.9194111506243933 -0.30623568873124424
2.45 0.9132949537333888 -0.30580984455022525
2.47 0.9071852689655048 -0.30548423839419886
2.49 0.9010801177573915 -0.3052575604056637
2.510000022 0.8949775469749496 -0.30512820348107794
2.53 0.8889135799558409 -0.30319868447398923
2.55 0.8828860263823296 -0.3013776786755626
2.57 0.8768927525641178 -0.2996636909105896
2.59 0.8709316537720079 -0.2980549396054963
2.610000022 0.8650006599400107 -0.2965493653955538
2.63 0.8591321492018713 -0.2934258596754176
2.65 0.8533238567011551 -0.29041462503581167
2.67 0.8475735804950886 -0.2875138103033245
2.69 0.8418791545731813 -0.2847212960953635
2.710000022 0.8362384541996354 -0.2820347084391156
2.73 0.8306798801266324 -0.27792900937205944
2.75 0.8252011530203595 -0.27393635531364735
2.77 0.8198000599510797 -0.2700546534639856
2.79 0.8144744286604972 -0.26628156452912477
2.810000022 0.8092221324742833 -0.26261452043472283
2.83 0.8040673894420031 -0.25773743512519154
2.85 0.7990079562622296 -0.2529716589886708
2.87 0.7940416571589236 -0.24831495516530167
2.89 0.7891663598682133 -0.24376486453551705
2.910000022 0.7843799800708503 -0.23931872661754802
2.93 0.7797024684647802 -0.23387583756692693
2.95 0.7751316598522636 -0.22854043062582854
2.97 0.7706654557440813 -0.22331020540911609
2.99 0.7663018024409243 -0.21818266515785092
3.010000022 0.7620386949527372 -0.21315513993870186
3.03 0.757891843881708 -0.20734278162851955
3.05 0.7538591968285279 -0.20163235265900897
3.07 0.7499387657530979 -0.19602155377149694
3.09 0.7461286074301994 -0.1905079161449273
3.110000022 0.7424268268369885 -0.1850888260628364
3.13 0.7388450224357822 -0.17909041705977183
3.15 0.735381282832395 -0.17318698016935957
3.17 0.7320337574705624 -0.16737626809162895
3.19 0.7288006396486474 -0.16165589109575204
3.210000022 0.7256801693684878 -0.1560233423823031
3.23 0.7226800483337161 -0.15000621674542122
3.25 0.7197985285349376 -0.1440759899389242
3.27 0.7170339184133201 -0.1382305060808774
3.29 0.7143845685374633 -0.13246749379283707
3.310000022 0.7118488739170314 -0.12678459155854416
3.33 0.709430927512084 -0.12089745323456937
3.35 0.7071291616956135 -0.11508829082352835
3.37 0.7049420602896211 -0.1093550702996159
3.39 0.7028681469212316 -0.10369566841947887
3.410000022 0.7009059868136515 -0.09810789746031759
3.43 0.6990564091943854 -0.09247898269018479
3.45 0.6973180387229416 -0.08691852357218802
3.47 0.695689546097113 -0.08142463129143233
3.49 0.694169639036648 -0.07599535302325038
3.510000022 0.692757063572385 -0.0706286955215857
3.53 0.6914497714219713 -0.0653646794218323
3.55 0.6902465865559995 -0.06015924329859085
3.57 0.6891463733315208 -0.0550106612239309
3.59 0.688148029991106 -0.04991716702074096
3.610000022 0.6872504894785475 -0.04487697626325225
3.63 0.6864492381535576 -0.04006261031836496
3.65 0.6857433016593508 -0.0352968247103402
3.67 0.6851317402730784 -0.030578069313619255
3.69 0.6846136447583454 -0.025904775736651484
3.710000022 0.6841881367425308 -0.02127537738781712
3.73 0.6838486610629615 -0.016973802649646322
3.75 0.6835944430081441 -0.012710902740870044
3.77 0.6834247367669251 -0.008485312060951815
3.79 0.6833388234334716 -0.004295666672671224
3.810000022 0.6833360109868634 -1.4062217572905977E-4
3.83 0.683408125445909 0.003605726918581957
3.85 0.6835545856864198 0.0073230120255396375
3.87 0.6837748338729203 0.011012409325022999
3.89 0.6840683353864335 0.014675075675663049
3.910000022 0.684434578451431 0.018312133106525536
3.93 0.6848641807074727 0.021480136430235938
3.95 0.6853567449726375 0.024628213258243138
3.97 0.6859118919527561 0.027757349005930163
3.99 0.6865292618435073 0.030868494537555885
4.010000022 0.687208513653032 0.03396255311743084
4.03 0.6879394454956819 0.03654663233378625
4.05 0.6887218314136034 0.039119295896079265
4.07 0.6895554582219022 0.041681340414938685
4.09 0.6904401285267939 0.04423351524458591
4.110000022 0.6913756597941928 0.04677651191577922
4.13 0.692351390407471 0.04878658432915183
4.15 0.6933672504029806 0.050792999775482954
4.17 0.6944231778245029 0.052796371076114804
4.19 0.6955191228975585 0.05479725365277617
4.210000022 0.6966550468950773 0.05679613740019137
4.23 0.6978201535375377 0.058255396203954084
4.25 0.6990145116993703 0.05971790809163451
4.27 0.7002381938975658 0.06118410990977449
4.29 0.7014912813676428 0.0626543735038495
4.310000022 0.7027738627771248 0.06412899993220174
4.33 0.7040752935773391 0.06507161158948518
4.35 0.7053957629863434 0.06602347045021746
4.37 0.706735459940923 0.06698484772897763
4.39 0.7080945788309785 0.06795594450277476
4.410000022 0.7094733181099993 0.06893688812045976
4.43 0.7108614303210217 0.06940568689737815
4.45 0.712259205765473 0.06988877222256334
4.47 0.7136669310106271 0.070386262257706
4.49 0.7150848950551225 0.0708982022247712
4.510000022 0.7165133878829965 0.07142456282667924
4.53 0.7179427625315007 0.07146881104090233
4.55 0.719373390901659 0.07153141850791564
4.57 0.7208056381982465 0.07161236482937484
4.59 0.7222398693186426 0.07171155601980603
4.610000022 0.7236764473933786 0.07182882472508906
4.63 0.7251064877293574 0.07150209545124776
4.65 0.726530424619729 0.07119684451858235
4.67 0.7279486832000451 0.07091292901580544
4.69 0.7293616858746484 0.07065013373016407
4.710000022 0.7307698508822374 0.07040817293046121
4.73 0.7321651773473731 0.06976639999981987
4.75 0.733548143471362 0.06914830619944726
4.77 0.7349192163375241 0.06855364330810722
4.79 0.736278858212873 0.067982093767442
4.810000022 0.73762752517211 0.06743327378525397
4.83 0.7389581837528572 0.06653300222365614
4.85 0.7402713386905047 0.06565774688237631
4.87 0.7415674821336522 0.0648071721573758
4.89 0.7428470996831381 0.06398087747429695
4.910000022 0.7441106691023587 0.06317840146478515
4.93 0.7453521729437654 0.062075260353125584
4.95 0.7465721265320994 0.06099767941669524
4.97 0.7477710316094431 0.059945253867189796
4.99 0.7489493819980122 0.058917519428451665
5.010000054 0.7501076624189794 0.05791386468092737
5.03 0.7509640350573087 0.042818747527081015
5.05 0.7515211495829042 0.027855726279774656
5.07 0.7517815475971762 0.013019900713600851
5.09 0.7517476731810239 -0.0016937208076162418
5.11000001 0.7514218711718946 -0.016290092311415472
5.13 0.750806387996724 -0.03077417414562181
5.15 0.7499033716302599 -0.04515081832320196
5.17 0.7487148738250127 -0.05942489026236191
5.19 0.7472428499235272 -0.07360119507427262
5.21000001 0.7454891601302835 -0.08768444581996124
5.23 0.7434555714111771 -0.10167948679506154
5.25 0.7411437549609432 -0.11559082251169886
5.27 0.7385552930131342 -0.12942309739045474
5.29 0.7356916761324181 -0.14318084403579737
5.31000001 0.7325543054988056 -0.15686845324639642
5.33 0.7291444957860976 -0.17049057088068803
5.35 0.7254634701647813 -0.18405128106582072
5.37 0.7215123715099406 -0.19755493274202884
5.39 0.7172922572101935 -0.21100571498736015
5.41000001 0.7128041024012998 -0.22440762824086896
5.43 0.7080488037714607 -0.2377650503744812
5.45 0.7030271721331772 -0.2510815819141696
5.47 0.6977399479105518 -0.26436121113127553
5.49 0.6921877935086033 -0.2776077200974217
5.51000001 0.6863712974681881 -0.29082465660843476
5.53 0.6802909791802165 -0.3040160664066063
5.55 0.6739472790676021 -0.31718500563072805
5.57 0.667340578292538 -0.33033503875319686
5.59 0.6604711887366942 -0.3434694777921983
5.61000001 0.6533393580812474 -0.3565913544766535
5.63 0.6459452754428336 -0.36970431677285465
5.65 0.6382890592131648 -0.3828108114834328
5.67 0.6303707809792647 -0.39591391169501455
5.69 0.6221904531699882 -0.4090163904638139
5.71000001 0.6137480350921232 -0.4221206928329166
5.73 0.6050434395265439 -0.4352299958939482
5.75 0.5960765182771931 -0.44834606246755127
5.77 0.586847090340995 -0.4614713968099136
5.79 0.5773549272782206 -0.4746081531387116
5.81000001 0.5675997602565821 -0.4877581072028605
5.83 0.5575812876651985 -0.5009238800311269
5.85 0.5472991584253288 -0.5141064619934964
5.87 0.5367530044798774 -0.5273076972725599
5.89 0.5259424239431864 -0.5405290268345635
5.91000001 0.5148669892182363 -0.553771459361764
5.93 0.5035262556969287 -0.5670369595838701
5.95 0.4919197428809789 -0.5803256407974748
5.97 0.4800469712811393 -0.5936385799919912
5.99 0.46790744339458573 -0.6069763943276656
6.01000001 0.45550065296363257 -0.6203392113780676
6.03 0.4428260948312325 -0.6337282234840999
6.05 0.4298832439099934 -0.6471425460619683
6.07 0.4166715965853741 -0.6605823662309482
6.09 0.40319064955392386 -0.6740473515725269
6.11000001 0.3894399102824992 -0.6875366198029099
6.13 0.3754189080749399 -0.7010504609032087
6.15 0.3611271709078711 -0.7145868583534222
6.17 0.346564271416408 -0.7281449745731711
6.19 0.33172980360150406 -0.7417233907451799
6.21000001 0.3166233945233209 -0.7553200762491388
6.23 0.3012447166052586 -0.7689342803702351
6.25 0.28559346232452004 -0.782562714036944
6.27 0.2696693948189411 -0.7962033752789647
6.29 0.25347232243408696 -0.8098536192426877
6.31000001 0.23700211163964297 -0.8235101279671193
6.33 0.2202587005471586 -0.8371709732097202
6.35 0.20324207139876932 -0.8508314574194821
6.37 0.18595230576586236 -0.8644882816453281
6.39 0.1683895568541804 -0.8781374455841172
6.41000001 0.15055406356534942 -0.8917742185544212
6.43 0.1324461651324074 -0.9053953743448051
6.45 0.11406627129059034 -0.9189946920908315
6.47 0.0954149219401211 -0.9325674675234816
6.49 0.07649275706028905 -0.9461082439915811
6.51000001 0.057300531748950466 -0.9596107857615594
6.53 0.03783913178524687 -0.9730704847203966
6.55 0.018109541293519205 -0.9864795245864044
6.57 -0.0018870933856505664 -0.9998317339584655
6.59 -0.02214949640044127 -1.0131201507395569
6.61000001 -0.0426762466460915 -1.0263369991139912
6.63 -0.06346576157820567 -1.0394762663438608
6.65 -0.08451633232498443 -1.0525285373389135
6.67 -0.10582605601568218 -1.0654861845349104
6.69 -0.1273928714153604 -1.0783407699838863
6.71000001 -0.1492145428755553 -1.0910830274682577
6.73 -0.17128864394724738 -1.103705605437378
6.75 -0.19361259561418057 -1.116197583346683
6.77 -0.21618359539148607 -1.1285499888652994
6.79 -0.23899865627208727 -1.1407530440300337
6.81000001 -0.2620545908774901 -1.152796153872042
6.83 -0.2853479954045427 -1.1646708086880548
6.85 -0.30887529137727265 -1.1763647986365229
6.87 -0.3326326522394465 -1.1878680431086643
6.89 -0.35661604603314595 -1.1991696896849986
6.91000001 -0.38082122034186183 -1.2102581103067147
6.93 -0.40524368718162135 -1.2211239525499744
6.95 -0.4298787686735244 -1.2317540745951254
6.97 -0.4547215219703428 -1.2421376648409463
6.99 -0.47976678606777284 -1.2522632048714721
7.01000001 -0.5050091681603333 -1.2621184735688145
7.03 -0.5304430301020603 -1.2716937329331848
7.05 -0.5560625383328865 -1.2809754115413403
7.07 -0.5818615880296343 -1.289952484837357
7.09 -0.6078338543466362 -1.2986133158501223
7.11000001 -0.6339727807512373 -1.3069456667571973
7.13 -0.6602715676070028 -1.314940000258298
7.15 -0.6867232265237208 -1.3225829458358678
7.17 -0.7133205045832941 -1.3298639029786958
7.19 -0.740055940102794 -1.3367717759749622
7.21000001 -0.7669218533643379 -1.3432949914297356
7.23 -0.7939103377018318 -1.3494248915871057
7.25 -0.8210133181803793 -1.3551490239274
7.27 -0.8482224766087708 -1.3604579214196069
7.29 -0.8755293116164714 -1.365341750384998
7.31000001 -0.9029251319456856 -1.3697903315655153
7.33 -0.9304010501586112 -1.3737965975446043
7.35 -0.9579480452045954 -1.377349752299241
7.37 -0.9855568887067196 -1.3804421751061793
7.39 -1.01321820877236 -1.383066003282048
7.41000001 -1.0409224857016648 -1.3852131538586339
7.43 -1.0686600481100477 -1.3868788138585761
7.45 -1.096421138553664 -1.388054522180783
7.47 -1.1241958413075588 -1.3887351376947705
7.49 -1.1519741489401025 -1.388915381627155
7.51000001 -1.179745959964782 -1.3885898569390756
7.53 -1.2075010768489443 -1.387756538086349
7.55 -1.2352292735046049 -1.3864098327830605
7.57 -1.2629202245183349 -1.384547550686467
7.59 -1.2905635731824743 -1.3821674332070006
7.61000001 -1.3181489303427862 -1.3792671683819864
7.63 -1.345665873506489 -1.3758478461090877
7.65 -1.3731040147372329 -1.3719070615371602
7.67 -1.4004529311149367 -1.3674458188852225
7.69 -1.427702232699711 -1.3624650792386857
7.71000001 -1.4548415616683976 -1.356965769951475
7.73 -1.4818605916018734 -1.350952172149842
7.75 -1.5087490942073207 -1.3444251302723929
7.77 -1.5354968707270997 -1.3373888259889783
7.79 -1.5620938182611843 -1.329847376704199
7.81000001 -1.5885299282791658 -1.3218048399966293
7.83 -1.614795285189813 -1.3132685021666373
7.85 -1.6408801303761538 -1.3042422593170622
7.87 -1.6667747943514593 -1.2947331987652444
7.89 -1.6924697599927836 -1.2847482820662444
7.91000001 -1.7179556596622936 -1.2742943463283003
7.93 -1.7432232723344714 -1.2633812652995462
7.95 -1.7682635836546143 -1.2520155660071186
7.97 -1.7930677188354818 -1.2402067590433983
7.99 -1.8176270016276979 -1.2279641396107759
8.01000001 -1.8419329495486696 -1.2152967884001684
8.03 -1.8659772691217076 -1.2022165797602646
8.05 -1.8897519110057222 -1.1887320942006483
8.07 -1.9132490038861198 -1.17485464401991
8.09 -1.9364609083669788 -1.160595224042973
8.11000001 -1.9593802101254596 -1.1459645149417585
8.13 -1.9819997131377214 -1.130975716100918
8.15 -2.0043124893070643 -1.1156388084671691
8.17 -2.02631181386265 -1.0999662277793045
8.19 -2.0479912137320038 -1.0839699934677158
8.21000001 -2.0693444587457996 -1.0676617168589138
8.23 -2.090365553021447 -1.0510552393099655
8.25 -2.1110487788701993 -1.0341612924376296
8.27 -2.131388634419151 -1.0169927774476002
8.29 -2.151379876348171 -0.9995620964510223
8.31000001 -2.1710175095093494 -0.9818811671183219
8.33 -2.1902967768598143 -0.9639638495051458
8.35 -2.209213197705212 -0.9458210422698989
8.37 -2.227762508367484 -0.9274655331136226
8.39 -2.2459406994076923 -0.908909552010356
8.41000001 -2.263744004165919 -0.8901647928290093
8.43 -2.281168887755317 -0.8712446150921725
8.45 -2.298212079876626 -0.8521596060654795
8.47 -2.314870519356435 -0.8329219739903964
8.49 -2.3311413861143064 -0.8135433378935804
8.51000001 -2.3470220891694527 -0.7940347557399171
8.53 -2.362510255230156 -0.7744086902395615
8.55 -2.3776037563951564 -0.7546750582499696
8.57 -2.392300659299393 -0.7348451452118422
8.59 -2.4065992521330593 -0.7149296416833303
8.61000001 -2.420498032620885 -0.694938676921931
8.63 -2.4339956966887986 -0.6748835408374347
8.65 -2.4470911613773803 -0.6547732344290986
8.67 -2.4597835191875497 -0.6346178905084845
8.69 -2.4720720604508304 -0.6144270631640489
8.71000001 -2.4839562617010404 -0.5942097654056083
8.73 -2.4954357748103333 -0.5739759424525986
8.75 -2.506510445414293 -0.553733530197998
8.77 -2.5171802728901462 -0.5334913737926719
8.79 -2.527445428350271 -0.5132577730062481
8.81000001 -2.537306243734858 -0.4930405227090869
8.83 -2.5467632017225013 -0.47284813580621166
8.85 -2.555816949943619 -0.45268741105589505
8.87 -2.5644682668878365 -0.4325658472108843
8.89 -2.572718075781054 -0.4124904446608456
8.91000001 -2.5805674346645957 -0.3924677479432414
8.93 -2.588017527331365 -0.37250481959086634
8.95 -2.5950696736097467 -0.3526073139190919
8.97 -2.6017253014076753 -0.332781389896408
8.99 -2.607985956754104 -0.31303276732144836
9.01000001 -2.613853295107437 -0.2933667709832462
9.03 -2.6193290735534513 -0.27378905919526847
9.05 -2.624415157475939 -0.25430419612436034
9.07 -2.629113498897631 -0.23491707108461102
9.09 -2.633426143008091 -0.21563220552301327
9.11000001 -2.6373552209445896 -0.19645379859801862
9.13 -2.640902943489878 -0.17738621595751505
9.15 -2.6440716044808683 -0.1584330495495257
9.17 -2.6468635655690047 -0.1395980544068228
9.19 -2.649281259583141 -0.12088470070681626
9.21000001 -2.651327185011773 -0.10229622028347785
9.23 -2.653003901418107 -0.08383586223463116
9.25 -2.6543140299355903 -0.06550642587417473
9.27 -2.6552602445038525 -0.04731072841310902
9.29 -2.6558452723922223 -0.029251394418495294
9.31000001 -2.6560718905514435 -0.011330902295608802
9.33 -2.6559429228931433 0.006448386139207052
9.35 -2.6554612381604104 0.02408423663664612
9.37 -2.6546297475838694 0.041574528827049484
9.39 -2.6534514028116796 0.05891723860948652
9.41000001 -2.6519291941902647 0.07611039301555039
9.43 -2.650066149940869 0.09315225904592075
9.45 -2.6478653315886356 0.11004091761166691
9.47 -2.645329837843966 0.12677468723346885
9.49 -2.6424628000738895 0.1433518885038318
9.51000001 -2.6392673824439385 0.15977080161214113
9.53 -2.635746782898568 0.1760300652835762
9.55 -2.6319042262201586 0.19212783392045055
9.57 -2.6277429738084983 0.2080626205830205
9.59 -2.6232663167247967 0.22383285418508458
9.61000001 -2.6184775775168014 0.23943684068133855
9.63 -2.6133801128068748 0.2548733629330083
9.65 -2.6079773039666234 0.27014044201257326
9.67 -2.6022725723691824 0.2852365798720563
9.69 -2.596269369967504 0.30016012008392073
9.71000001 -2.5899711825530805 0.3149092132665707
9.73 -2.583381533692181 0.3294826077862769
9.75 -2.5765039729563086 0.3438780367936174
9.77 -2.5693420961648883 0.35809383957102414
9.79 -2.561899533429566 0.3721281367661335
9.81000001 -2.5541799535642897 0.3859788002743946
9.83 -2.546187069084199 0.3996444238267376
9.85 -2.5379246219227936 0.41312235807028136
9.87 -2.529396408157928 0.4264106882432819
9.89 -2.520606263455504 0.4395072351211763
9.91000001 -2.5115580683443457 0.45240952935318074
9.93 -2.502255753991801 0.4651159501852032
9.95 -2.4927032853538553 0.47762343189728845
9.97 -2.482904689871803 0.4899297741025934
9.99 -2.4728640402702617 0.5020324800770632
10.01000001 -2.4625854604222246 0.5139287354374795
10.03 -2.452073131629278 0.5256167024557092
10.05 -2.4413312731806305 0.5370929224323443
10.07 -2.4303641745113502 0.5483549334640242
10.09 -2.419176175342694 0.5593999584328276
10.11000001 -2.4077716718832036 0.5702248878620592
10.13 -2.3961551233628042 0.5808277164338128
10.15 -2.384331030015299 0.5912046673752684
10.17 -2.3723039681968547 0.6013530909222314
10.19 -2.360078567897543 0.6112700149656055
10.21000001 -2.347659519050398 0.6209521318811693
10.23 -2.3350515780955603 0.6303973629405468
10.25 -2.3222595434464908 0.6396017324534901
10.27 -2.309288293079079 0.6485625183706129
10.29 -2.296142759491444 0.6572766793817493
10.31000001 -2.282827935924769 0.6657408454633202
10.33 -2.269348882766632 0.6739529948833198
10.35 -2.2557107006143857 0.6819091076123364
10.37 -2.2419185698623623 0.6896065376011875
10.39 -2.2279777232430074 0.6970423309676983
10.41000001 -2.213893451802136 0.7042132199370156
10.43 -2.199671110990829 0.711117396124025
10.45 -2.185316091500269 0.7177509745280128
10.47 -2.170833860398749 0.7241115550759414
10.49 -2.156229931450891 0.7301964473929323
10.51000001 -2.141509870736105 0.7360026677379369
10.53 -2.126679302326032 0.7415287912680987
10.55 -2.1117438771323913 0.7467712596819827
10.57 -2.0967093151772485 0.7517280977571588
10.59 -2.0815813739563773 0.7563970610435727
10.61000001 -2.066365853641835 0.7607756353392942
10.63 -2.0510686022949773 0.7648629497743271
10.65 -2.035695483039377 0.7686559627800347
10.67 -2.02025241708541 0.7721532976983689
10.69 -2.0047453504747526 0.7753533305328851
10.71000001 -1.9891802588624792 0.7782541914865574
10.73 -1.9735631522705424 0.7808557200246808
10.75 -1.9579000409660348 0.7831555652253963
10.77 -1.942196978901435 0.785153103230002
10.79 -1.9264600292436012 0.7868474828917117
10.81000001 -1.910695268782757 0.788237628923379
10.83 -1.8949087922824686 0.78932421967651
10.85 -1.8791066775030376 0.790105738971564
10.87 -1.8632950287568548 0.7905824373091566
10.89 -1.8474799416803964 0.7907543538228666
10.91000001 -1.8316675073609048 0.7906213206639762
10.93 -1.8158638163805392 0.7901849441107316
10.95 -1.80007492346863 0.7894446455954776
10.97 -1.7843068909028563 0.7884016282886287
10.99 -1.7685657530201078 0.7870568941374446
11.01000001 -1.7528575201812449 0.7854112492375053
11.03 -1.7371881826341526 0.7834672690882941
11.05 -1.7215636753014036 0.7812253666373975
11.07 -1.705989920778633 0.7786877261385439
11.09 -1.6904727940949047 0.7758563341864365
11.11000001 -1.6750181266481272 0.7727329859723656
11.13 -1.6596317100208426 0.7693212160248165
11.15 -1.6443192614085531 0.7656224306144929
11.17 -1.6290864659748534 0.7616397716850016
11.19 -1.6139389423622728 0.7573761806290485
11.21000001 -1.5988822467245138 0.7528344054707277
11.23 -1.5839218766196685 0.7480188792516851
11.25 -1.5690632375588658 0.7429319530401538
11.27 -1.5543116844744265 0.7375776542219816
11.29 -1.5396724884490325 0.7319598012697149
11.31000001 -1.5251508409479992 0.7260820120106415
11.33 -1.5107518578894459 0.7199495129024057
11.35 -1.4964805477462746 0.7135655071585797
11.37 -1.4823418518718643 0.7069347937205301
11.39 -1.4683406128631462 0.7000619504358567
11.41000001 -1.4544815790608283 0.6929513436402708
11.43 -1.4407694088596252 0.6856088528645624
11.45 -1.4272086407343456 0.6780384062639955
11.47 -1.4138037321523802 0.6702454290982254
11.49 -1.4005590299208968 0.6622351115741861
11.51000001 -1.387478774981144 0.6540124199814191
11.53 -1.3745671069801295 0.6455837228426218
11.55 -1.3618280365205246 0.6369535229802007
11.57 -1.3492654823757682 0.6281277072378378
11.59 -1.336883244099941 0.6191119137913724
11.61000001 -1.3246850071000875 0.6099115450368878
11.63 -1.3126743474494704 0.6005332827974804
11.65 -1.3008547065878648 0.5909820430802918
11.67 -1.2892294265479771 0.5812640019943984
11.69 -1.2778017250349443 0.5713850756516548
11.71000001 -1.2665747007228594 0.5613509349287656
11.73 -1.255551338253742 0.5511683990400548
11.75 -1.2447344855447693 0.5408426354486466
11.77 -1.2341268867369566 0.5303799403906464
11.79 -1.2237311598840481 0.5197863426454341
11.81000001 -1.2135498023894036 0.5090676201984071
11.83 -1.2035851961066801 0.4982305632514407
11.85 -1.193839587347107 0.48728043797866477
11.87 -1.184315117273649 0.4762235036729114
11.89 -1.1750138022789636 0.4650657497342411
11.91000001 -1.1659375394574512 0.4538129141691949
11.93 -1.1570881117040814 0.44247160890427895
11.95 -1.1484671704592477 0.4310470622416943
11.97 -1.140076263292957 0.41954535831450424
11.99 -1.131916816999166 0.4079723146895618
12.01000001 -1.123990142984548 0.39633350256414057
12.03 -1.1162974422501182 0.384635229039131
12.05 -1.1088397908634644 0.37288256933266356
12.07 -1.1016181645057932 0.36108131788356806
12.09 -1.0946334242650104 0.34923701203914603
12.11000001 -1.087886321816382 0.33735495375394275
12.13 -1.0813775041662437 0.3254410452274252
12.15 -1.0751075018011567 0.3135001182543573
12.17 -1.0690767500038103 0.30153758986732426
12.19 -1.0632855772894867 0.28955863571618673
12.21000001 -1.0577342102532419 0.2775682130281286
12.23 -1.0524227779553823 0.26557174767884567
12.25 -1.047351302664343 0.2535737645519674
12.27 -1.0425197177845638 0.2415792439889704
12.29 -1.0379278588508603 0.22959294668518027
12.31000001 -1.0335754679221898 0.2176194376237997
12.33 -1.0294621974949243 0.20566362419508188
12.35 -1.025587603732064 0.19372968814302252
12.37 -1.0219511608873189 0.18182214223725734
12.39 -1.0185522547507713 0.16994530682736783
12.41000001 -1.0153901864815378 0.158103334410018
12.43 -1.0124641759482214 0.14630059981611737
12.45 -1.0097733573227419 0.13454093127397712
12.47 -1.0073167899307236 0.1228283696009053
12.49 -1.0050934540308583 0.11116679499326947
12.51000001 -1.0031022539986827 0.0995599518288004
12.53 -1.0013420210146133 0.08801169320931983
12.55 -0.9998115108968013 0.07652550589059598
12.57 -0.9985094113586046 0.06510497690983691
12.59 -0.9974343400032957 0.05375356776544774
12.61000001 -0.9965848467983143 0.042474639011749624
12.63 -0.9959594160592101 0.03127155259098294
12.65 -0.9955564664013703 0.020147482891991628
12.67 -0.9953743544393547 0.00910559810077835
12.69 -0.9954113748861214 -0.0018510223383339359
12.71000001 -0.9956657622891915 -0.012719363793820066
12.73 -0.9961356922910739 -0.023496511842377603
12.75 -0.996819283591323 -0.03417956501245507
12.77 -0.99771459817678 -0.04476572927285079
12.79 -0.9988196434266136 -0.05525226249167965
12.81000001 -1.000132373115133 -0.06563645160774668
12.83 -1.0016506879619336 -0.07591578029791513
12.85 -1.003372439509256 -0.08608757736612477
12.87 -1.0052954270228573 -0.09614937568006782
12.89 -1.0074174015165462 -0.10609872468443754
12.91000001 -1.0097360660568115 -0.11593316904668859
12.93 -1.0122490756450364 -0.12565054223651123
12.95 -1.0149540429264032 -0.13524836406834395
12.97 -1.017848531944832 -0.14472445092143094
12.99 -1.020930064009578 -0.15407660323729971
13.01000001 -1.024196117361194 -0.163302585929504
13.03 -1.0276441264507687 -0.17240054067901944
13.05 -1.031271489402713 -0.18136814759720396
13.07 -1.0350755588419043 -0.19020347195956427
13.09 -1.0390536495280096 -0.1989045343052707
13.11000001 -1.043203037458867 -0.2074692928082192
13.13 -1.0475209586264467 -0.21589616632706127
13.15 -1.0520046181554483 -0.22418297645008722
13.17 -1.0566511784459824 -0.23232801452671087
13.19 -1.061457768497867 -0.24032950259423272
13.21000001 -1.0664214825361369 -0.2481855778207009
13.23 -1.071539378330351 -0.255894917658161
13.25 -1.0768084879241795 -0.26345547969142685
13.27 -1.0822258033533012 -0.2708657714560916
13.29 -1.0877882875725742 -0.2781242109636543
13.31000001 -1.0934928726899225 -0.2852291132528518
13.33 -1.0993364579357616 -0.2921794083816549
13.35 -1.10531592188668 -0.2989731975459217
13.37 -1.1114281060271334 -0.30560920702267885
13.39 -1.1176698271783148 -0.3120860575590479
13.41000001 -1.1240378754225595 -0.3184022530111329
13.43 -1.1305290118044735 -0.32455698137418265
13.45 -1.1371399819359063 -0.3305485065716444
13.47 -1.1438674976729806 -0.3363757868536927
13.49 -1.1507082509282083 -0.3420376627613925
13.51000001 -1.1576589113593347 -0.3475328477898924
13.53 -1.1647161238747141 -0.3528608021993925
13.55 -1.1718765234886066 -0.35801998069459967
13.57 -1.1791367153835024 -0.3630095947447975
13.59 -1.186493289968087 -0.36782872922923265
13.61000001 -1.1939428203934919 -0.37247633503207356
13.63 -1.2014818599240273 -0.37695216500284634
13.65 -1.2091069578928297 -0.38125489844012794
13.67 -1.2168146384145968 -0.38538402608836164
13.69 -1.2246014165327406 -0.38933890590719666
13.71000001 -1.2324637956136855 -0.393118757487858
13.73 -1.2403982646313805 -0.39672364924656484
13.75 -1.2484013150549214 -0.4001525211770526
13.77 -1.2564694184696283 -0.4034051707353578
13.79 -1.2645990436385424 -0.4064812584457098
13.81000001 -1.2727866538127361 -0.4093803040195289
13.83 -1.28102870396525 -0.4121027136770351
13.85 -1.289321658425682 -0.4146477230216083
13.87 -1.2976619676589483 -0.4170154616633259
13.89 -1.3060460860502874 -0.4192059195669279
13.91000001 -1.3144704691575624 -0.4212189447543067
13.93 -1.3229315709183098 -0.42305529956501053
13.95 -1.3314258618325905 -0.4247145457140424
13.97 -1.339949805139444 -0.42619716534265006
13.99 -1.3484998751218464 -0.42750349912012786
14.01000001 -1.3570725543165318 -0.428633745417389
14.03 -1.3656643307075047 -0.4295890343431871
14.05 -1.3742717162486313 -0.4303692770563015
14.07 -1.3828912226683112 -0.4309753209840042
14.09 -1.3915193800822867 -0.4314078706987837
14.11000001 -1.4001527341682052 -0.43166748846217096
14.13 -1.4087878433509402 -0.4317556750145774
14.15 -1.4174212974511327 -0.43167270500963173
14.17 -1.426049693339435 -0.43141979441513134
14.19 -1.434669653641249 -0.43099801509070923
14.21000001 -1.4432778238776407 -0.430408296615423
14.23 -1.4518708696424583 -0.4296525030671185
14.25 -1.4604454951628352 -0.4287312760188547
14.27 -1.4689984190156566 -0.4276461926410826
14.29 -1.4775263927096363 -0.42639868469899
14.31000001 -1.4860261977913907 -0.4249900415926911
14.33 -1.4944946430118642 -0.4234224727349013
14.35 -1.5029285825897207 -0.4216969788928361
14.37 -1.5113248921945575 -0.4198154802418453
14.39 -1.5196804871981313 -0.41777975017866464
14.41000001 -1.5279923197443879 -0.4155914195171468
14.43 -1.5362573759029523 -0.4132530145547181
14.45 -1.5444726934361865 -0.4107658766617205
14.47 -1.5526353382459126 -0.4081322404862755
14.49 -1.5607424220967743 -0.40535419254309235
14.51000001 -1.5687910996514671 -0.4024336765177962
14.53 -1.5767785656116564 -0.3993734976962383
14.55 -1.5847020718037474 -0.39617530960452496
14.57 -1.5925589042781516 -0.3928416237202165
14.59 -1.6003464003231207 -0.38937480224846277
14.61000001 -1.6080619454707645 -0.3857770644936516
14.63 -1.6157029706302324 -0.3820514489991071
14.65 -1.6232669683251046 -0.37819988474362104
14.67 -1.6307514706261734 -0.37422511505344724
14.69 -1.638154065292724 -0.37012973332753674
14.71000001 -1.6454723927605912 -0.3659161904352576
14.73 -1.6527041432780285 -0.3615877066657087
14.75 -1.6598470721482534 -0.35714644351125463
14.77 -1.6668989786677728 -0.3525953259759759
14.79 -1.6738577212531744 -0.34793712927008913
14.81000001 -1.6807212144286594 -0.34317448718699745
14.83 -1.6874874259811095 -0.33831074677786716
14.85 -1.6941543910836465 -0.33334825512686006
14.87 -1.700720192401394 -0.3282900658873781
14.89 -1.7071829740843214 -0.32313908414635145
14.91000001 -1.7135409387777891 -0.31789807572437007
14.93 -1.719792344819201 -0.31257045835581265
14.95 -1.7259355191415602 -0.30715871611796774
14.97 -1.7319688386968528 -0.30166597776461096
14.99 -1.7378907432184736 -0.2960952260810453
15.01000001 -1.74369973228372 -0.29044930803766045
15.03 -1.7493943625795103 -0.2847316571553622
15.05 -1.7549732595079603 -0.27894484642248313
15.07 -1.7604351000640968 -0.27309202780682634
15.09 -1.7657786242940663 -0.2671762114984823
15.11000001 -1.771002632442702 -0.26120027683163943
15.13 -1.7761059823196883 -0.2551676214331216
15.15 -1.7810875995513349 -0.24908086158233453
15.17 -1.7859464620340428 -0.24294312413540262
15.19 -1.7906816100360952 -0.2367574001026213
15.21000001 -1.795292143466097 -0.23052655623680368
15.23 -1.7997772193732802 -0.2242539074861118
15.25 -1.804136060810348 -0.21794207185339884
15.27 -1.8083679429669852 -0.21159410783186292
15.29 -1.8124722018830548 -0.20521294580348343
15.31000001 -1.816448231874582 -0.19880140017565798
15.33 -1.8202954832024487 -0.19236266257465998
15.35 -1.8240134695299055 -0.1858993163728435
15.37 -1.8276017558216215 -0.17941431458580565
15.39 -1.831059965654088 -0.17291049162331204
15.41000001 -1.83438777883481 -0.16639057584082104
15.43 -1.8375849292723305 -0.15985760180482458
15.45 -1.8406512110284654 -0.15331408780674732
15.47 -1.8435864680481238 -0.14676285098290784
15.49 -1.8463906000684076 -0.14020660101419524
15.51000001 -1.849063560463808 -0.13364795294603712
15.53 -1.85160535434737 -0.12708975772299316
15.55 -1.854016043231754 -0.1205344442191921
15.57 -1.856295736633641 -0.11398467009434941
15.59 -1.8584445965963488 -0.10744299813538978
15.61000001 -1.8604628357892445 -0.10091190918883276
15.63 -1.8623507158651211 -0.09439405099085259
15.65 -1.8641085507558453 -0.08789174453620784
15.67 -1.865736700173035 -0.08140747085948648
15.69 -1.8672355727700578 -0.0749436298511446
15.71000001 -1.8686056245179077 -0.06850255314121588
15.73 -1.8698473573377952 -0.06208667203770873
15.75 -1.8709613210666654 -0.05569818644351029
15.77 -1.8719481088534657 -0.049339389340020634
15.79 -1.8728083589954592 -0.04301250709967211
15.81000001 -1.873542753605856 -0.03671971215998397
15.83 -1.874152017533701 -0.03046321162385472
15.85 -1.8746369190422607 -0.024245075427987112
15.87 -1.8749982670781944 -0.018067401796684587
15.89 -1.8752369118245715 -0.011932237318856037
15.91000001 -1.8753537436681336 -0.005841589257307646
15.93 -1.8753496924112738 2.0256294426949679E-4
15.95 -1.8752257267126888 0.006198284929248697
15.97 -1.874982853185686 0.012143676350139533
15.99 -1.8746221157166274 0.018036873452931642
16.01000001 -1.8741445947323343 0.02387603727663803
16.03 -1.8735514067018366 0.029659416354588877
16.05 -1.872843702394227 0.03538521538047976
16.07 -1.8720226677427407 0.041051732574316255
16.09 -1.8710895219830104 0.04665728798651891
16.11000001 -1.8700455172143147 0.05220021233467806
16.13 -1.868891938182285 0.05767898044097468
16.15 -1.867630099414035 0.06309193841250861
16.17 -1.866261347766974 0.06843758235303184
16.19 -1.8647870594466562 0.07371441601589247
16.21000001 -1.8632086398496952 0.07892094038757991
16.23 -1.8615275236131272 0.0840558538563307
16.25 -1.859745170691944 0.08911764605916885
16.27 -1.8578630704961765 0.09410500978837201
16.29 -1.855882737853522 0.09901663213272227
16.31000001 -1.8538057131170762 0.10385118489669982
16.33 -1.85163356246278 0.10860758701861092
16.35 -1.8493678729796705 0.11328447415545512
16.37 -1.8470102582857586 0.1178807346955993
16.39 -1.8445623535061852 0.12239523897867016
16.41000001 -1.842025815625551 0.12682683061829958
16.43 -1.8394023240119297 0.1311746462683907
16.45 -1.836693574595524 0.13543747082029056
16.47 -1.8339012868432936 0.13961438761152264
16.49 -1.8310271978291368 0.14370445070784083
16.51000001 -1.828073062808525 0.14770667717724362
16.53 -1.8250406559458954 0.1516204189416787
16.55 -1.8219317636628984 0.15544461414984997
16.57 -1.8187481928435512 0.15917854096736744
16.59 -1.8154917640787336 0.16282143824088227
16.61000001 -1.8121643124399585 0.16637249875250354
16.63 -1.8087676883864183 0.16983128759266103
16.65 -1.8053037503694946 0.1731969008461879
16.67 -1.8017743741342254 0.17646881176343626
16.69 -1.7981814452261011 0.17964644540621572
16.71000001 -1.7945268599408917 0.18272917289588264
16.73 -1.7908125263880441 0.18571677050077487
16.75 -1.7870403564433446 0.18860849723498066
16.77 -1.7832122760085085 0.19140402174180746
16.79 -1.7793302168735936 0.19410295674574943
16.81000001 -1.7753961178206694 0.19670485429377838
16.83 -1.7714119258213699 0.19920969956984017
16.85 -1.767379587434325 0.2016169193522117
16.87 -1.7633010598824637 0.203926377593071
16.89 -1.7591783023690926 0.2061378756685594
16.91000001 -1.7550132773145488 0.2082511486016089
16.93 -1.750807951667284 0.2102663874964431
16.95 -1.746564287846652 0.2121831910316053
16.97 -1.7422842554968128 0.21400161749197022
16.99 -1.7379698223584092 0.21572165692018047
17.01000001 -1.7336229556189613 0.2173432283007791
17.03 -1.729245623318652 0.21886672444880428
17.05 -1.724839784942023 0.22029191883145474
17.07 -1.7204074037079928 0.2216190617015104
17.09 -1.7159504371018401 0.22284833030763926
17.11000001 -1.7114708383217843 0.2239798270128761
17.13 -1.706970557762441 0.22501414047424742
17.15 -1.7024515333607524 0.2259512200844353
17.17 -1.6979157032833678 0.22679150386919264
17.19 -1.6933649962251613 0.22753535291032898
17.21000001 -1.688801332935994 0.2281830503668323
17.23 -1.684226627766464 0.22873537284420975
17.25 -1.6796427788738162 0.22919244463239163
17.27 -1.6750516811706253 0.22955488515954903
17.29 -1.6704552164961926 0.22982323372164262
17.31000001 -1.6658552552088008 0.22999794937060605
17.33 -1.661253657779743 0.23007998649290054
17.35 -1.6566522649639486 0.23006964078968473
17.37 -1.65205291087743 0.22996770432593341
17.39 -1.6474574131465678 0.2297748865431153
17.41000001 -1.6428675745521242 0.22949181497626883
17.43 -1.6382851846585669 0.22911960923768418
17.45 -1.6337120100516658 0.2286587303450598
17.47 -1.6291498074164295 0.22811013176182102
17.49 -1.6246003137664804 0.2274746824974576
17.51000001 -1.6200652481266906 0.2267531686129002
17.53 -1.6155463131854666 0.22594686003460493
17.55 -1.611045185697656 0.22505637439053575
17.57 -1.6065635294396645 0.22408281289957788
17.59 -1.6021029856168851 0.22302719113897393
17.61000001 -1.5976651745720751 0.22189044129527505
17.63 -1.5932516974485502 0.22067396651324267
17.65 -1.5888641268515034 0.21937852985234785
17.67 -1.5845040195626046 0.2180053644449057
17.69 -1.5801729072179165 0.2165556172344087
17.71000001 -1.5758722980290694 0.21503035192717548
17.73 -1.571603678445317 0.21343108590317955
17.75 -1.567368504159928 0.21175871426945445
17.77 -1.5631682124728232 0.21001458435523815
17.79 -1.5590042133247342 0.20819995740445796
17.81000001 -1.554877891017967 0.20631601218034615
17.83 -1.5507906058650371 0.2043643598286871
17.85 -1.5467436856193608 0.20234601228378446
17.87 -1.5427384373813744 0.20026241189932553
17.89 -1.5387761390670744 0.19811491571500173
17.91000001 -1.5348580411147519 0.1959047996637244
17.93 -1.5309853681075956 0.19363374717470194
17.95 -1.5271593106996766 0.1913028703959526
17.97 -1.5233810369685186 0.1889136865579051
17.99 -1.5196516843878096 0.1864676290354512
18.01000001 -1.515972361506073 0.18396605210380368
18.03 -1.5123441495302894 0.18141068949450176
18.05 -1.508768094809364 0.1788027360462723
18.07 -1.505245219544282 0.17614376325410339
18.09 -1.5017765143259094 0.1734352609186344
18.11000001 -1.4983629397712588 0.17067864239320707
18.13 -1.4950054280549336 0.16787566975410267
18.15 -1.4917048760031304 0.16502760259016555
18.17 -1.4884621550812813 0.16213604609242835
18.19 -1.4852781045487111 0.15920252662851359
18.21000001 -1.4821535330380304 0.1562284974197824
18.23 -1.479089220021166 0.15321572745109252
18.25 -1.4760859095576757 0.15016552317452012
18.27 -1.4731443194891196 0.1470795034278081
18.29 -1.4702651352531104 0.14395921180046264
18.31000001 -1.4674490113915233 0.14080612267629278
18.33 -1.4646965729380916 0.13762199148258683
18.35 -1.4620084098556103 0.13440815412404503
18.37 -1.459385085376134 0.13116622397381375
18.39 -1.4568271305078353 0.12789774341494248
18.41000001 -1.454335045458188 0.12460419018026558
18.43 -1.4519093009306565 0.12128728702022741
18.45 -1.4495503332763904 0.11794838271330906
18.47 -1.4472585519296302 0.11458906733801366
18.49 -1.4450343346319272 0.11121086488514968
18.51000001 -1.4428780287572878 0.10781523982435
18.53 -1.440789952506366 0.1044038647480037
18.55 -1.438770390789643 0.10097808583615857
18.57 -1.4368196017180421 0.09753945358004432
18.59 -1.4349378125605705 0.09408945787358271
18.61000001 -1.4331252209596 0.09062953473375987
18.63 -1.4313819960121927 0.08716129095101073
18.65 -1.4297082748936054 0.08368605592936797
18.67 -1.428104168373948 0.08020532598286136
18.69 -1.426569757517275 0.07672054283364313
18.71000001 -1.4251050947766895 0.07323310041273101
18.73 -1.423710204953962 0.0697445260086372
18.75 -1.4223850825645656 0.06625611946982221
18.77 -1.4211296963621045 0.06276931012305775
18.79 -1.41994398677937 0.059285479136729366
18.81000001 -1.4188278668947405 0.055805966328488305
18.83 -1.4177812232630347 0.05233220775139778
18.85 -1.4168039140161903 0.04886546234221036
18.87 -1.4158957723880135 0.045407081408844606
18.89 -1.4150566048907236 0.04195837486449339
18.91000001 -1.414286192146115 0.038520617970122774
18.93 -1.413584289582542 0.03509514572622774
18.95 -1.4129506262588185 0.03168316618617007
18.97 -1.4123849073924204 0.02828594331990624
18.99 -1.4118868132585864 0.02490470669169795
19.01000001 -1.4114559998818172 0.0215406580681306
19.03 -1.411092099595953 0.01819502339071929
19.05 -1.4107947205728524 0.014868951155034045
19.07 -1.4105634483673894 0.011563610273146698
19.09 -1.4103978455202169 0.008280142358630015
19.11000001 -1.4102974521073313 0.0050196681344453825
19.13 -1.4102617861622733 0.0017832981445489021
19.15 -1.4102903438856282 -0.0014278861677486125
19.17 -1.4103826002298454 -0.004612817210857657
19.19 -1.410538009181283 -0.00777044757187556
19.21000001 -1.410756004167672 -0.010899743869587432
19.23 -1.4110359983434715 -0.013999715789827807
19.25 -1.4113773854511815 -0.01706935538550206
19.27 -1.4117795394780472 -0.02010770134328642
19.29 -1.4122418155879677 -0.02311380549602276
19.31000001 -1.4127635503886684 -0.026086726991672176
19.33 -1.413344062083106 -0.0290255992346771
19.35 -1.4139826519489676 -0.03192949329307638
19.37 -1.4146786031076053 -0.034797557931887844
19.39 -1.4154311820717707 -0.037628948208268925
19.41000001 -1.4162396388760992 -0.040422820005014466
19.43 -1.417103207099129 -0.04317843274070898
19.45 -1.4180211059231478 -0.045894941200942264
19.47 -1.418992538063163 -0.048571607000759055
19.49 -1.4200166918921981 -0.05120769145176116
19.51000001 -1.4210927414402643 -0.05380245050208224
19.53 -1.422219846292988 -0.056355270813814674
19.55 -1.42339715419016 -0.058865394858599464
19.57 -1.4246237981691114 -0.06133219894757366
19.59 -1.425898899225489 -0.06375505281888263
19.61000001 -1.427221566187202 -0.0661333150189919
19.63 -1.428590895496835 -0.06846649971489663
19.65 -1.4300059743038462 -0.07075394035056677
19.67 -1.4314658768823694 -0.07299512892614515
19.69 -1.432969667781964 -0.07518954497973844
19.71000001 -1.4345164015840912 -0.07733665143802819
19.73 -1.4361051225764032 -0.07943608933364955
19.75 -1.4377348682905529 -0.08148728570748394
19.77 -1.4394046652591563 -0.0834898484301756
19.79 -1.4411135326080315 -0.08544336744376228
19.81000001 -1.4428604817035575 -0.08734741110259138
19.83 -1.4446445157276155 -0.08920174580377965
19.85 -1.4464646336104179 -0.09100589414010284
19.87 -1.448319825195171 -0.09275957923765762
19.89 -1.4502090752207706 -0.09446250127998136
19.91000001 -1.45213136286899 -0.09611433435380315
19.93 -1.4540856612492994 -0.0977149678729581
19.95 -1.4560709416740423 -0.0992640212371464
19.97 -1.4580861683022477 -0.10076133141027281
19.99 -1.4601303024596923 -0.10220670787223436
20.01000001 -1.4622023020952535 -0.10359992997809045
20.03 -1.4643011211850976 -0.10494100696269673
20.05 -1.466425714295959 -0.10622965554306867
20.07 -1.4685750307815888 -0.10746582428149638
20.09 -1.4707480193855667 -0.10864943019889504
20.11000001 -1.472943627616372 -0.10978035665009177
20.13 -1.4751608010805555 -0.11085872863854003
20.15 -1.4773984882788231 -0.1118843599133858
20.17 -1.4796556344298395 -0.11285730755080005
20.19 -1.4819311863001796 -0.11377759351700843
20.21000001 -1.4842240915077805 -0.11464520305743803
20.23 -1.486533297793698 -0.11546037202607203
20.25 -1.488857757995218 -0.11622301007600226
20.27 -1.4911964235721846 -0.11693327884833266
20.29 -1.4935482496080714 -0.11759130179434225
20.31000001 -1.4959121940514724 -0.11819716307146279
20.33 -1.498287216935973 -0.11875120360064699
20.35 -1.5006722854745906 -0.11925342693085784
20.37 -1.5030663673635334 -0.11970409444713981
20.39 -1.5054684358985333 -0.12010342674999819
20.41000001 -1.5078774691639882 -0.12045160304694309
20.43 -1.5102924492103338 -0.12074906269181639
20.45 -1.5127123672147795 -0.1209959002222897
20.47 -1.5151362166364686 -0.1211924710844551
20.49 -1.5175629983929604 -0.12133908782459271
20.51000001 -1.5199917200065465 -0.12143601996129226
20.53 -1.5224213947483378 -0.12148379783145212
20.55 -1.5248510468115064 -0.12148260315843189
20.57 -1.5272797043902366 -0.12143287893651415
20.59 -1.5297064048625846 -0.1213350236173997
20.61000001 -1.532130193903365 -0.1211893914443185
20.63 -1.5345501246039892 -0.12099659552952012
20.65 -1.5369652626062102 -0.12075690011105457
20.67 -1.5393746791751022 -0.12047082844457772
20.69 -1.541777456336404 -0.12013885806509118
20.71000001 -1.5441726859652463 -0.11976142156140233
20.73 -1.5465594688905753 -0.11933920593606104
20.75 -1.548936919939715 -0.1188725524569859
20.77 -1.5513041610729166 -0.11836205666008434
20.79 -1.5536603264256945 -0.11780826763889947
20.81000001 -1.55600456138251 -0.11721168923492607
20.83 -1.5583360216744169 -0.11657307288188849
20.85 -1.5606538782875479 -0.11589283065653176
20.87 -1.562957310723578 -0.11517162180150443
20.89 -1.5652455119004272 -0.1144100588424648
20.91000001 -1.5675176872198595 -0.11360870916726099
20.93 -1.5697730536667673 -0.11276837872958768
20.95 -1.572010844537906 -0.11188954355693354
20.97 -1.5742303028889606 -0.11097291755273422
20.99 -1.576430686250275 -0.11001916806572488
21.01000001 -1.578611265697133 -0.1090289178284339
21.03 -1.5807713249588577 -0.10800301708773616
21.05 -1.5829101649277075 -0.10694199844249136
21.07 -1.5850270973491554 -0.1058466210723941
21.09 -1.587121449312945 -0.10471759818948768
21.11000001 -1.5891925623345897 -0.10355559930443047
21.13 -1.5912397914821967 -0.10236150856111177
21.15 -1.5932625096293167 -0.10113590735600024
21.17 -1.595260101440591 -0.09987959056369615
21.19 -1.5972319676023639 -0.09859330808864795
21.21000001 -1.5991775239236574 -0.09727776742579244
21.23 -1.6010962004883074 -0.09593387619944141
21.25 -1.6029874456196795 -0.09456225656861085
21.27 -1.6048507202090523 -0.09316372946863914
21.29 -1.6066855016541624 -0.09173907225550533
21.31000001 -1.608491282987566 -0.09028902152566687
21.33 -1.610267572061304 -0.08881449809415749
21.35 -1.6120138951956784 -0.08731615671870607
21.37 -1.613729791892662 -0.08579483484918621
21.39 -1.6154148184550516 -0.08425132811947968
21.41000001 -1.6170685471497181 -0.08268639339012725
21.43 -1.6186905654315749 -0.08110095464331778
21.45 -1.6202804792529868 -0.07949569107059853
21.47 -1.6218379081991905 -0.07787144731018658
21.49 -1.6233624887651106 -0.07622902829600593
21.51000001 -1.6248538735605136 -0.07456920248554755
21.53 -1.6263117305795405 -0.07289288739778021
21.55 -1.6277357461517392 -0.07120077860993819
21.57 -1.6291256205309792 -0.06949371896200078
21.59 -1.6304810708114053 -0.06777251402130402
21.61000001 -1.6318018301809352 -0.06603793545752651
21.63 -1.6330876472420366 -0.06429088520051783
21.65 -1.6343382885897682 -0.06253206738657946
21.67 -1.6355535348800496 -0.060762314514063935
21.69 -1.636733183370614 -0.05898242452822126
21.71000001 -1.637877047228642 -0.05719316430481138
21.73 -1.6389849549078073 -0.05539541165597701
21.75 -1.640056752343041 -0.05358987176168454
21.77 -1.6410922995183248 -0.05177735876419453
21.79 -1.6420914726228162 -0.049958655224570055
21.81000001 -1.6430541634176903 -0.04813451567644616
21.83 -1.643980278673764 -0.0463057859565848
21.85 -1.644869741976912 -0.044473165157392344
21.87 -1.6457224908098493 -0.04263744164686536
21.89 -1.6465384783177974 -0.04079937539740539
21.91000001 -1.647317672738832 -0.03895970157187184
21.93 -1.6480600569056225 -0.03711922689914686
21.95 -1.6487656296594975 -0.035278637693748255
21.97 -1.6494344034550308 -0.03343868977666658
21.99 -1.6500664057336645 -0.03160011393168528
22.01000001 -1.6506616784210326 -0.029763619486596782
22.03 -1.6512202774955516 -0.02792996769092761
22.05 -1.651742274013017 -0.026099825873271976
22.07 -1.652227752237271 -0.024273911212702688
22.09 -1.652676810624065 -0.022452919339699874
22.11000001 -1.6530895613879761 -0.020637527876791562
22.13 -1.6534661301397537 -0.01882844700310499
22.15 -1.6538066565270229 -0.01702631936345603
22.17 -1.654111292888932 -0.015231818095460098
22.19 -1.6543802048562086 -0.013445598363826259
22.21000001 -1.6546135709894185 -0.011668300826344362
22.23 -1.654811582486144 -0.009900579786565115
22.25 -1.6549744434468314 -0.008143048034370444
22.27 -1.655102370046175 -0.006396329967184447
22.29 -1.655195590758761 -0.004661035629294308
22.31000001 -1.6552543460695623 -0.002937764071185433
22.33 -1.6552788882512044 -0.0012271096956574757
22.35 -1.655269481267225 4.703491989665285E-4
22.37 -1.6552264004480732 0.0021540409575915758
22.39 -1.6551499323549477 0.0038234046562780327
22.41000001 -1.6550403745625852 0.00547788687917824
22.43 -1.6548980355060805 0.007116956383715471
22.45 -1.6547232340368068 0.008740073463686845
22.47 -1.6545162995863496 0.010346722522858396
22.49 -1.65427757168411 0.011936395111978004
22.51000001 -1.6540073998116434 0.01350858686904108
22.53 -1.653706143317757 0.015062832225737344
22.55 -1.6533741706450609 0.01659863363480154
22.57 -1.6530118599609525 0.018115534205421054
22.59 -1.6526195983472554 0.01961308068485532
22.61000001 -1.6521977817246223 0.02109082058624306
22.63 -1.6517468148339451 0.022548355808036328
22.65 -1.6512671101539538 0.02398523399956882
22.67 -1.650759088974552 0.025401058970083074
22.69 -1.6502231802791985 0.026795434767679666
22.71000001 -1.6496598207371993 0.02816796301597559
22.73 -1.649069454748841 0.029518314177077776
22.75 -1.64845253307663 0.030846083610547963
22.77 -1.647809514332876 0.032150937187703364
22.79 -1.6471408635776705 0.03343253776027027
22.81000001 -1.646447052376286 0.03469054272395616
22.83 -1.6457285589048822 0.03592469153253482
22.85 -1.6449858663198715 0.03713462925052898
22.87 -1.644219464628665 0.038320084560329024
22.89 -1.643429849027977 0.03948078003439632
22.91000001 -1.6426175200229973 0.040616429940771186
22.93 -1.641782983590047 0.04172684251093805
22.95 -1.6409267493101465 0.04281171399502884
22.97 -1.6400493325893053 0.04387083604206015
22.99 -1.6391512527634549 0.04490399129252294
23.01000001 -1.6382330332755908 0.04591095143772738
23.03 -1.6372952018913438 0.046891592658139324
23.05 -1.63633828862413 0.047845663360691536
23.07 -1.635362828269273 0.04877301774285463
23.09 -1.6343693583031378 0.04967349830675811
23.11000001 -1.6333584191140476 0.050546934181043494
23.13 -1.6323305542663964 0.05139326807919531
23.15 -1.6312863082457596 0.052212301031840935
23.17 -1.6302262292694891 0.053003948813515375
23.19 -1.629150867008595 0.05376811304470656
23.21000001 -1.6280607728679066 0.05450467978207858
23.23 -1.6269565002940911 0.05521365629760723
23.25 -1.6258386023697962 0.05589489621474883
23.27 -1.624707634862148 0.056548375382404856
23.29 -1.6235641537965901 0.057174053277898707
23.31000001 -1.6224087157815024 0.057771871868451556
23.33 -1.6212418783552798 0.05834190048208334
23.35 -1.6200641974589716 0.05888404481540122
23.37 -1.6188762306833335 0.05939833878190319
23.39 -1.6176785347241904 0.05988479795715612
23.41000001 -1.6164716657465255 0.06034341871153826
23.43 -1.615256179765628 0.06077432943204305
23.45 -1.6140326300277845 0.06117748689217348
23.47 -1.6128015704161696 0.061552980580749296
23.49 -1.61156355281736 0.06190087994048098
23.51000001 -1.610319127519756 0.06222123376958417
23.53 -1.6090688436237186 0.06251422605897178
23.55 -1.6078132463596608 0.06277986320288997
23.57 -1.6065528806130998 0.06301828732805516
23.59 -1.6052882882317068 0.06322961906965043
23.61000001 -1.604020008452834 0.06341395723665925
23.63 -1.6027485783375124 0.06357153755185294
23.65 -1.6014745300548028 0.06370241413548164
23.67 -1.600198394486751 0.06380677840257644
23.69 -1.5989206985048325 0.06388479909592706
23.71000001 -1.5976419654213079 0.06393662220792079
23.73 -1.5963627154419566 0.06396253094883193
23.75 -1.5950834629447836 0.06396262485865026
23.77 -1.593804720126395 0.06393714091943584
23.79 -1.592526994275896 0.06388629252495195
23.81000001 -1.5912507882448033 0.0638102696494982
23.83 -1.5899766009134246 0.06370939842363466
23.85 -1.5887049244909959 0.06358382112142796
23.87 -1.5874362481661133 0.06343381624413082
23.89 -1.5861710554050907 0.06325963805112879
23.91000001 -1.5849098244351902 0.06306151696426501
23.93 -1.583653028719639 0.06283981719747009
23.95 -1.5824011343050157 0.06259472073116967
23.97 -1.581154603439799 0.06232654326083908
23.99 -1.5799138919229048 0.0620355758447113
24.01000001 -1.5786794495950738 0.06172208553050534
24.03 -1.5774517208176306 0.06138646956538517
24.05 -1.5762311418914599 0.06102894630854024
24.07 -1.575018144609455 0.06064986410023861
24.09 -1.5738131536794477 0.06024954650036957
24.11000001 -1.5726165872187086 0.05982829312281119
24.13 -1.5714288572317 0.05938652904370163
24.15 -1.5702503671233172 0.058924505419134666
24.17 -1.5690815151530009 0.05844259851580854
24.19 -1.567922691954576 0.05794115992124994
24.21000001 -1.5667742810289762 0.057420517569724897
24.23 -1.5656366592164237 0.05688111906818824
24.25 -1.5645101943247752 0.05632324458242475
24.27 -1.5633952484552738 0.05574729347507364
24.29 -1.562292175639961 0.0551536407656384
24.31000001 -1.5612013223279255 0.054542638330455306
24.33 -1.560123027847552 0.053914750976056566
24.35 -1.5590576221688404 0.05327028393557198
24.37 -1.5580054290731942 0.052609654782310736
24.39 -1.5569667639270752 0.05193325730594833
24.41000001 -1.5559419341572989 0.05124146286808547
24.43 -1.5549312396992423 0.05053474817020582
24.45 -1.5539349709099188 0.04981343946617418
24.47 -1.5529534115567913 0.04907796765637567
24.49 -1.5519868367442426 0.04832874062743567
24.51000001 -1.551035513373696 0.047566144744262094
24.53 -1.5500997005739479 0.046790663382730385
24.55 -1.549179647779607 0.046002639717047523
24.57 -1.5482755975166653 0.04520251314708109
24.59 -1.5473877834961722 0.04439070102465564
24.61000001 -1.5465164310552515 0.04356760026223581
24.63 -1.5456617575660245 0.04273369582819883
24.65 -1.5448239706917977 0.041889343711344125
24.67 -1.544003270949979 0.04103498709093126
24.69 -1.543199849985106 0.040171048243643225
24.71000001 -1.5424138909871536 0.03929793024865501
24.73 -1.5416455690758417 0.03841611477365635
24.75 -1.5408950497446965 0.03752596655726217
24.77 -1.5401624911848362 0.036627927993016736
24.79 -1.539448042747243 0.03572242187965889
24.81000001 -1.5387518453351006 0.03480985320219474
24.83 -1.5380740317606354 0.03389069566860842
24.85 -1.5374147253849115 0.0329653187861882
24.87 -1.536774042188999 0.032034159795624864
24.89 -1.5361520894331129 0.03109763779430907
24.91000001 -1.5355489660200927 0.03015615557292945
24.93 -1.5349647628222964 0.029210174494903315
24.95 -1.5343995615227433 0.028260064977659365
24.97 -1.5338534364231866 0.02730625497783304
24.99 -1.5333264533054982 0.026349155884420335
25.01000001 -1.5328186697637936 0.025389164390650545
25.03 -1.5323301354992833 0.02442672543887151
25.05 -1.531860891366173 0.02346220665551174
25.07 -1.5314109709091617 0.02249602285057154
25.09 -1.530980399430244 0.021528573945884158
25.11000001 -1.5305691942873918 0.020560246862486163
25.13 -1.5301773651556676 0.019591466381944284
25.15 -1.52980491327914 0.018622593826378826
25.17 -1.52945183273329 0.017654027292499114
25.19 -1.5291181096982618 0.016686151751410885
25.21000001 -1.5288037227224247 0.0157193409321831
25.23 -1.5285086429484578 0.014753996075345062
25.25 -1.5282328335704711 0.01379046889933318
25.27 -1.527976250819691 0.012829137539005771
25.29 -1.5277388434431263 0.011870368828237585
25.31000001 -1.5275205529307572 0.010914520161194773
25.33 -1.5273213137057027 0.00996196623370838
25.35 -1.527141052783762 0.009013046097026946
25.37 -1.526979690483546 0.00806811501080657
25.39 -1.5268371401075573 0.00712751879943256
25.41000001 -1.5267133081321704 0.006191595673547092
25.43 -1.5266080943613942 0.00526069116915659
25.45 -1.5265213917841804 0.004335128860688635
25.47 -1.526453087012842 0.003415238566917351
25.49 -1.5264030601616903 0.002501342557592654
25.51000001 -1.5263711849993784 0.0015937573187135674
25.53 -1.5263573290661643 6.927970071046314E-4
25.55 -1.5263613537225844 -2.0123282100659596E-4
25.57 -1.5263831143225344 -0.0010880299974980422
25.59 -1.5264224602828647 -0.001967298016514227
25.61000001 -1.5264792351980672 -0.0028387443407531
25.63 -1.526553276921313 -0.0037020880133380773
25.65 -1.5266444177964786 -0.004557043758279908
25.67 -1.526752484574631 -0.005403338907616061
25.69 -1.5268772986663828 -0.006240704587590206
25.71000001 -1.52701867621928 -0.007068874110418556
25.73 -1.5271764281632514 -0.007887601142375857
25.75 -1.5273503606164975 -0.008696622662307715
25.77 -1.527540274556312 -0.009495696990724703
25.79 -1.527745966244535 -0.010284584411146765
25.81000001 -1.5279672272683638 -0.011063045659916969
25.83 -1.5282038445511856 -0.011830870056529347
25.85 -1.5284556009215144 -0.012587818516438785
25.87 -1.5287222745510731 -0.013333681477934185
25.89 -1.5290036395423727 -0.014068249564980507
25.91000001 -1.5292994659340073 -0.014791312186074244
25.93 -1.5296095196781496 -0.015502694958462458
25.95 -1.529933563360554 -0.016202184120217913
25.97 -1.530271355420607 -0.01688960300265699
25.99 -1.5306226508889051 -0.01756477341490241
26.01000001 -1.5309872013584076 -0.01822751436136525
26.03 -1.5313647549301568 -0.018877688026300767
26.05 -1.5317550570713578 -0.01951510706005341
26.07 -1.5321578496336705 -0.02013962811563451
26.09 -1.5325728717276648 -0.020751104699712638
26.11000001 -1.5329998596614902 -0.021349386016579125
26.13 -1.5334385468566347 -0.02193437072441198
26.15 -1.5338886648302457 -0.022505898680547566
26.17 -1.5343499420292792 -0.023063859951673874
26.19 -1.534822104827886 -0.02360813993034278
26.21000001 -1.5353048774355071 -0.0241386183117446
26.23 -1.5357979817847067 -0.024655229787595444
26.25 -1.5363011386232224 -0.025157841925783058
26.27 -1.536814066182703 -0.02564637797403179
26.29 -1.5373364812844126 -0.02612075508547973
26.31000001 -1.5378680992188856 -0.02658088343320691
26.33 -1.5384086336080613 -0.027026732972157387
26.35 -1.5389577975920388 -0.027458199198866644
26.37 -1.5395153023520167 -0.027875237998898388
26.39 -1.540080858309212 -0.028277797859766522
26.41000001 -1.5406541749783969 -0.028665819126330316
26.43 -1.5412349608067213 -0.029039305935876645
26.45 -1.5418229244398018 -0.029398181654028483
26.47 -1.5424177731191362 -0.02974243396671802
26.49 -1.5430192139588004 -0.03007204198320965
26.51000001 -1.5436269537753509 -0.03038697563403607
26.53 -1.5442406989058508 -0.03068727186862956
26.55 -1.5448601565377391 -0.030972881594416128
26.57 -1.5454850330014214 -0.03124382318411345
26.59 -1.5461150351091466 -0.031500105386262474
26.61000001 -1.5467498699638849 -0.03174172686604859
26.63 -1.5473892447591704 -0.031968755748656374
26.65 -1.5480328681571758 -0.03218116990027011
26.67 -1.5486804484973897 -0.032379017010692394
26.69 -1.5493316951820695 -0.03256233423398827
26.71000001 -1.5499863184668012 -0.03273114787101336
26.73 -1.5506440292448433 -0.03288555534488517
26.75 -1.5513045404579606 -0.03302556065586452
26.77 -1.5519675652420972 -0.03315123920683076
26.79 -1.5526328183439497 -0.03326265509262587
26.81000001 -1.5533000158959838 -0.03335986092177076
26.83 -1.5539688751880014 -0.033442981322375456
26.85 -1.55463911609557 -0.03351204537842021
26.87 -1.5553104591833902 -0.033567154391012814
26.89 -1.5559826271378303 -0.03360839772200768
26.91000001 -1.556655344529212 -0.03363585275115488
26.93 -1.5573283375733395 -0.03364966903121668
26.95 -1.5580013355627744 -0.03364989947174451
26.97 -1.5586740689481995 -0.0336366692712538
26.99 -1.5593462707721866 -0.03361009119935492
27.01000001 -1.5600176764215765 -0.03357026568436371
27.03 -1.5606880233816955 -0.03351736476462994
27.05 -1.5613570526562754 -0.033451463728995816
27.07 -1.5620245068465288 -0.03337270951266973
27.09 -1.5626901315719883 -0.03328123627297579
27.11000001 -1.5633536752157895 -0.03317716560147492
27.13 -1.5640148886742622 -0.033060689453981704
27.15 -1.564673526751965 -0.032931903885136816
27.17 -1.5653293462574316 -0.032790975273328395
27.19 -1.5659821073976044 -0.03263805700863889
27.21000001 -1.5666315735187861 -0.03247328982244315
27.23 -1.5672775108542343 -0.032296882920851214
27.25 -1.5679196898815533 -0.03210895136595073
27.27 -1.5685578834531673 -0.031909678580700054
27.29 -1.5691918681516566 -0.03169923492446559
27.31000001 -1.5698214240290806 -0.03147777813231439
27.33 -1.57044633435512 -0.03124553192473773
27.35 -1.5710663869249453 -0.031002628491256384
27.37 -1.5716813722414174 -0.03074926582360481
27.39 -1.5722910848195246 -0.030485628905364087
27.41000001 -1.5728953229266898 -0.03021189025231151
27.43 -1.5734938883339018 -0.0299282853247464
27.45 -1.5740865875631351 -0.029634961461667074
27.47 -1.5746732301371074 -0.029332128698612084
27.49 -1.5752536298219786 -0.029019984243561843
27.51000001 -1.5758276043711483 -0.028698713109129987
27.53 -1.5763949752816957 -0.028368559711645154
27.55 -1.576955568971451 -0.02802968448776315
27.57 -1.5775092151108554 -0.02768230697022315
27.59 -1.5780557477941244 -0.027326634163449853
27.61000001 -1.5785950052889073 -0.026962861257713657
27.63 -1.579126829800217 -0.02659123886110764
27.65 -1.5796510685683414 -0.026211938406218164
27.67 -1.580167572295972 -0.025825186381529933
27.69 -1.5806761962391254 -0.025431197157666494
27.71000001 -1.5811767999648938 -0.025030173773334295
27.73 -1.5816692471248877 -0.02462237031087962
27.75 -1.5821534064663028 -0.024207967070755638
27.77 -1.5826291503660357 -0.023787194986646894
27.79 -1.5830963558337918 -0.023360273387807384
27.81000001 -1.5835549042799915 -0.02292741084627591
27.83 -1.5840046813005781 -0.022488862273766726
27.85 -1.5844455775947193 -0.02204481470705277
27.87 -1.5848774876161145 -0.0215955010697604
27.89 -1.5853003104818848 -0.021141143288517135
27.91000001 -1.5857139497525194 -0.02068195319075534
27.93 -1.5861183132297236 -0.02021818396930244
27.95 -1.5865133137754068 -0.019750027284160396
27.97 -1.586898868088839 -0.019277715671606598
27.99 -1.5872748975160964 -0.018801471362872982
28.01000001 -1.587641327843746 -0.018321507221726163
28.03 -1.587998089111212 -0.017838072292332946
28.05 -1.5883451163268918 -0.017351360783990726
28.07 -1.5886823483782373 -0.016861602567275563
28.09 -1.58900972873772 -0.016369017974138606
28.11000001 -1.5893272052717478 -0.01587381876447501
28.13 -1.5896347300688325 -0.015376247542361486
28.15 -1.5899322600498489 -0.014876499050820209
28.17 -1.5902197560165334 -0.014374798334224588
28.19 -1.59049718325111 -0.013871361728823601
28.21000001 -1.5907645113417253 -0.013366397847568792
28.23 -1.5910217140274956 -0.012860140718588231
28.25 -1.5912687697010819 -0.012352783679314958
28.27 -1.5915056605995237 -0.01184454492209078
28.29 -1.5917323732958226 -0.011335634814946502
28.31000001 -1.591948898541973 -0.0108262568943886
28.33 -1.5921552311317528 -0.010316634647311338
28.35 -1.592351370294924 -0.009806958158552058
28.37 -1.5925373190327599 -0.009297436891797715
28.39 -1.5927130845010165 -0.008788273412829915
28.41000001 -1.5928786778714157 -0.00827966438012918
28.43 -1.5930341142128404 -0.007771820957144721
28.45 -1.5931794127775554 -0.0072649282357508
28.47 -1.5933145964822768 -0.006759185236071696
28.49 -1.5934396921830443 -0.006254785038373312
28.51000001 -1.5935547305558018 -0.005751915761917168
28.53 -1.5936597459964452 -0.005250774657559337
28.55 -1.5937547768005091 -0.004751540203196227
28.57 -1.5938398647891534 -0.004254399432213154
28.59 -1.5939150554774977 -0.0037595344172137416
28.61000001 -1.5939803979747253 -0.003267123227821906
28.63 -1.5940359449032304 -0.002777347813927483
28.65 -1.5940817524741997 -0.0022903785484640828
28.67 -1.594117880256495 -0.0018063891147665442
28.69 -1.5941443912409916 -0.0013255492248287763
28.71000001 -1.5941613517604225 -8.480255475320838E-4
28.73 -1.5941688314276696 -3.739835493479654E-4
28.75 -1.5941669031106005 9.64158534566571E-5
28.77 -1.5941556428404937 5.630135053391725E-4
28.79 -1.5941351297758453 0.0010256532324226738
28.81000001 -1.5941054461419646 0.0014841809519431314
28.83 -1.5940666771882652 0.0019384486541926516
28.85 -1.5940189110665686 0.0023883060848324963
28.87 -1.5939622388744807 0.0028336096043913342
28.89 -1.5938967545229792 0.003274217575077801
28.91000001 -1.5938225546955775 0.003709989515087379
28.93 -1.5937397388242853 0.004140795635009022
28.95 -1.593648408876375 0.004566497395519606
28.97 -1.5935486695269696 0.004986967470266386
28.99 -1.5934406279354978 0.005402079573591072
29.01000001 -1.5933243937240553 0.005811707666269424
29.03 -1.5932000789715342 0.00621574073392819
29.05 -1.5930677979145493 0.006614052849241023
29.07 -1.5929276672424517 0.007006533604880943
29.09 -1.5927798057884326 0.007393072700956507
29.11000001 -1.5926243345265367 0.007773559208013064
29.13 -1.5924613765832991 0.00814790123583204
29.15 -1.5922910568591475 0.008515986207580277
29.17 -1.5921135024381166 0.008877721051546439
29.19 -1.5919288421999953 0.009233011906062601
29.21000001 -1.5917372068352822 0.009581763444773904
29.23 -1.5915387288735223 0.00992390304994558
29.25 -1.5913335422320332 0.01025933207445839
29.27 -1.5911217827317736 0.010587975012976928
29.29 -1.5909035876374502 0.01090975471617096
29.31000001 -1.5906790956895571 0.011224591782358418
29.33 -1.5904484471484728 0.011532432820434332
29.35 -1.590211783277802 0.011833193533537328
29.37 -1.5899692469571456 0.012126816032820545
29.39 -1.589720982157518 0.012413239981379486
29.41000001 -1.5894671339894801 0.012692402055691835
29.43 -1.5892078487619377 0.012964267859258884
29.45 -1.5889432734077484 0.013228767709461414
29.47 -1.5886735561835492 0.013485861209961158
29.49 -1.5883988460881853 0.013735504768197808
29.51000001 -1.588119292925825 0.013977651129188147
29.53 -1.5878350473782996 0.014212284482409342
29.55 -1.5875462603808919 0.014439349870387948
29.57 -1.5872530838989096 0.014658824099112212
29.59 -1.5869556702970842 0.014870680091272665
29.61000001 -1.5866541724164545 0.015074886494042436
29.63 -1.5863487436590002 0.015271445508434059
29.65 -1.586039537321707 0.015460316864657538
29.67 -1.585726707439229 0.015641494123905583
29.69 -1.585410408112383 0.01581496634229829
29.71000001 -1.5850907935975016 0.01598071775370997
29.73 -1.5847680184020425 0.01613876784233947
29.75 -1.584442236585118 0.016289090846222445
29.77 -1.5841136026553577 0.016431696488017695
29.79 -1.5837822708667104 0.016566589432365574
29.81000001 -1.5834483953188951 0.016693769043878974
29.83 -1.5831121300626134 0.01681327122072268
29.85 -1.58277362837474 0.01692508439366815
29.87 -1.5824330437003844 0.017029233717780565
29.89 -1.5820905289242104 0.017125738808699085
29.91000001 -1.581746236480561 0.017214613575163806
29.93 -1.5814003184668608 0.017295909332966163
29.95 -1.5810529259015917 0.017369628263453157
29.97 -1.5807042096995518 0.017435810101995946
29.99 -1.5803543199268213 0.017494488636527288
30.01000001 -1.5800034059190977 0.017545691613332817
30.03 -1.579651616401853 0.017589484656974446
30.05 -1.579299098739069 0.017625883139205475
30.07 -1.5789459999307973 0.017654940413580997
30.09 -1.578592465859744 0.017676703552660756
30.11000001 -1.5782386414163299 0.0176912133251056
30.13 -1.5778846706241545 0.01769854845804344
30.15 -1.5775306958872455 0.017698736845451025
30.17 -1.5771768589992357 0.017691844400488665
30.19 -1.5768233003893042 0.01767793049657389
30.21000001 -1.5764701592524701 0.017657048013177908
30.23 -1.5761175736789252 0.01762928749188958
30.25 -1.5757656799072568 0.017594688583422544
30.27 -1.5754146133348645 0.01755332861961316
30.29 -1.5750645077707013 0.01750527820816343
30.31000001 -1.574715495569315 0.017450601344012898
30.33 -1.5743677077626272 0.017389399029088627
30.35 -1.574021273326242 0.017321721819260685
30.37 -1.573676320181119 0.017247657256147887
30.39 -1.5733329744601972 0.017167286046093997
30.41000001 -1.5729913606447217 0.017080682233432707
30.43 -1.572651601697079 0.016987955876108945
30.45 -1.5723138183468932 0.016889167509293396
30.47 -1.5719781300744526 0.016784413622028895
30.49 -1.571644654397884 0.016673783828436227
30.51000001 -1.5713135070103357 0.016557361098731488
30.53 -1.5709848019125243 0.016435263108197404
30.55 -1.5706586507248614 0.016307559383144446
30.57 -1.5703351636436844 0.01617435405885138
30.59 -1.5700144487551826 0.016035744425091713
30.61000001 -1.5696966121720577 0.015891821210333952
30.63 -1.5693817581644902 0.015742708249729
30.65 -1.5690699885040398 0.015588483022522026
30.67 -1.5687614033843478 0.01542925598459791
30.69 -1.568456100767512 0.015265130841790923
30.71000001 -1.5681541765189013 0.015096204882429309
30.73 -1.5678557245353193 0.01492260664040558
30.75 -1.5675608361258788 0.014744420472024048
30.77 -1.567269600889524 0.014561761817744356
30.79 -1.5669821060990035 0.01437473952602439
30.81000001 -1.566698436832589 0.014183456228998775
30.83 -1.566418676098285 0.013988043709218393
30.85 -1.5661429042563138 0.01378859209856038
30.87 -1.5658711998465256 0.013585220489409645
30.89 -1.5656036390145511 0.013378041598721975
30.91000001 -1.5653402956392488 0.013167162181534455
30.93 -1.5650812414518973 0.012952715843933933
30.95 -1.5648265455043306 0.012734797378333433
30.97 -1.5645762749400747 0.012513528212798875
30.99 -1.56433049446666 0.012289023670730965
31.01000001 -1.564089266477714 0.01206139341660816
31.03 -1.5638526511661608 0.011830771493042774
31.05 -1.56362070604144 0.01159725623604027
31.07 -1.5633934866390007 0.011360970121965484
31.09 -1.5631710460421466 0.011122029842703067
31.11000001 -1.562953434997783 0.010880546777910685
31.13 -1.562740702022746 0.010636654070177144
31.15 -1.562532892972919 0.010390452491349178
31.17 -1.5623300516865342 0.01014206431923911
31.19 -1.5621322195583012 0.009891606411649646
31.21000001 -1.5619394356479186 0.009639190699533296
31.23 -1.561751736778758 0.009384948150509753
31.25 -1.5615691571610701 0.00912898088438771
31.27 -1.5613917289653736 0.008871409784827667
31.29 -1.5612194819509946 0.008612350718950796
31.31000001 -1.561052443566561 0.0083519150457253
31.33 -1.5608906390403685 0.008090230354736215
31.35 -1.5607340910592544 0.007827399055703064
31.37 -1.5605828202691827 0.0075635395035857315
31.39 -1.5604368449597066 0.007298765473806745
31.41000001 -1.5602961811557705 0.007033186680210004
31.43 -1.5601608426991973 0.006766926212123957
31.45 -1.560030840984192 0.006500085750260759
31.47 -1.5599061853830682 0.006232780056192455
31.49 -1.5597868829875325 0.005965119776785282
31.51000001 -1.5596729386912325 0.005697211966397529
31.53 -1.5595643552619116 0.00542917418062907
31.55 -1.5594611331339143 0.005161106399864778
31.57 -1.5593632707578124 0.004893118805093903
31.59 -1.5592707643988175 0.004625317949746953
31.61000001 -1.5591836082096264 0.004357807280650491
31.63 -1.5591017942929004 0.004090697881649926
31.65 -1.5590253125505673 0.003824087116655132
31.67 -1.5589541509569043 0.0035580796831519144
31.69 -1.5588882954138106 0.0032927771546843046
31.71000001 -1.5588277298136153 0.00302827849562543
31.73 -1.5587724360916466 0.0027646874807770805
31.75 -1.5587223941315755 0.0025020980035539964
31.77 -1.5586775819622822 0.0022406084646653867
31.79 -1.5586379756691735 0.001980314655436508
31.81000001 -1.5586035494467292 0.0017213102615606865
31.83 -1.5585742756410343 0.0014636910165876252
31.85 -1.558550124709888 0.001207546557313399
31.87 -1.5585310653445184 9.52968268486141E-4
31.89 -1.5585170644356083 7.000454455008559E-4
31.91000001 -1.558508087115469 4.488657825305773E-4
31.93 -1.5585040967905104 1.995163476922037E-4
31.95 -1.5585050551543518 -4.791819206984118E-5
31.97 -1.5585109222361457 -2.9335408969766787E-4
31.99 -1.5585216564194941 -5.367091674202244E-4
32.01000001 -1.55853721447424 -7.7790234834109E-4
32.03 -1.5585575515789543 -0.0010168557441414647
32.05 -1.5585826213848328 -0.0012534902939289878
32.07 -1.558612375993043 -0.0014877304105096363
32.09 -1.5586467660242616 -0.0017195015609258821
32.11000001 -1.5586857406401815 -0.0019487298216329515
32.13 -1.5587292475561871 -0.0021753468879547526
32.15 -1.5587772331534095 -0.0023992798611210176
32.17 -1.5588296423881134 -0.002620461735191738
32.19 -1.5588864189091798 -0.0028388260533202076
32.21000001 -1.5589475050695232 -0.0030543064900158115
32.23 -1.559012841929215 -0.003266844618018103
32.25 -1.559082369412702 -0.0034763741743487737
32.27 -1.5591560261537984 -0.0036828370548186236
32.29 -1.559233749658073 -0.0038861752137305766
32.31000001 -1.5593154763044605 -0.004086330276209217
32.33 -1.5594011413391806 -0.004283253877631603
32.35 -1.5594906790747944 -0.004476886780690325
32.37 -1.5595840226748636 -0.004667180003460155
32.39 -1.5596811043578764 -0.004854084150639833
32.41000001 -1.5597818553894243 -0.005037549058617761
32.43 -1.5598862060673393 -0.005217536504519288
32.45 -1.5599940859589858 -0.005393994582324747
32.47 -1.5601054236300784 -0.00556688355463186
32.49 -1.560220146886508 -0.005736162821478255
32.51000001 -1.5603381827575324 -0.005901790600327409
32.53 -1.560459457472625 -0.006063738786493185
32.55 -1.5605838967331627 -0.00622196302688795
32.57 -1.5607114253902696 -0.006376432855347394
32.59 -1.5608419677206729 -0.006527116520159783
32.61000001 -1.5609754474014275 -0.006673980700741264
32.63 -1.5611117874790303 -0.006817007288646918
32.65 -1.561250910671481 -0.006956159622530097
32.67 -1.561392739000323 -0.007091416442105427
32.69 -1.5615371940964808 -0.007222754807891024
32.71000001 -1.5616841971671005 -0.0073501498559064024
32.73 -1.5618336689575367 -0.0074735932586098555
32.75 -1.561985530079622 -0.007593056104259123
32.77 -1.5621397006033282 -0.007708526185311498
32.79 -1.562296100388396 -0.007819989253389672
32.81000001 -1.5624546490439288 -0.007927428812928343
32.83 -1.5626152658839085 -0.008030846014409898
32.85 -1.5627778702774122 -0.008130219675182964
32.87 -1.5629423812055003 -0.008225546404407284
32.89 -1.5631087176143625 -0.008316820443109251
32.91000001 -1.563276798368347 -0.008404033497212393
32.93 -1.5634465421996986 -0.008487195811171312
32.95 -1.5636178680764148 -0.00856629383580864
32.97 -1.5637906947300872 -0.008641332683624934
32.99 -1.5639649410262442 -0.008712314807844705
33.01000001 -1.5641405259115364 -0.008779239874993187
33.03 -1.5643173683584182 -0.008842126765150577
33.05 -1.5644953877463332 -0.008900969395754904
33.07 -1.5646745033662939 -0.008955780998030892
33.09 -1.5648546348041021 -0.009006571890411687
33.11000001 -1.5650357018824426 -0.009053349390347954
33.13 -1.565217624601248 -0.00909614048833668
33.15 -1.5654003235279423 -0.009134946334723046
33.17 -1.5655837192845456 -0.0091697878301641
33.19 -1.5657677329394981 -0.009200682747625031
33.21000001 -1.565952285945429 -0.009227645682714714
33.23 -1.5661373000759637 -0.009250711152100003
33.25 -1.5663226978208307 -0.00926988724334465
33.27 -1.5665084018612205 -0.009285202019491892
33.29 -1.566694335466024 -0.009296680240180228
33.31000001 -1.5668804224260575 -0.009304343349497278
33.33 -1.5670665869880736 -0.009308232754920289
33.35 -1.5672527542506531 -0.009308363128977747
33.37 -1.5674388496334428 -0.009304769139486154
33.39 -1.5676247992737338 -0.009297482014546044
33.41000001 -1.5678105299579306 -0.009286529566576949
33.43 -1.5679959690535248 -0.009271959415689077
33.45 -1.5681810449018472 -0.00925379241611812
33.47 -1.568365686286643 -0.009232069239796975
33.49 -1.5685498228270793 -0.009206827021811196
33.51000001 -1.5687333849072387 -0.009178099418919217
33.53 -1.568916303606804 -0.009145939551229497
33.55 -1.5690985110869327 -0.009110374006439806
33.57 -1.5692799400634219 -0.009071448824458898
33.59 -1.5694605241924178 -0.009029206449794023
33.61000001 -1.5696401979987071 -0.0089836858226265
33.63 -1.5698188968058437 -0.008934944824302009
33.65 -1.5699965571116221 -0.008883015288920318
33.67 -1.5701731160708299 -0.008827947960386724
33.69 -1.5703485118701555 -0.008769789966280386
33.71000001 -1.5705226836560282 -0.008708584939343634
33.73 -1.5706955714648958 -0.008644394765579183
33.75 -1.5708671165850139 -0.008577256005902525
33.77 -1.5710372610534948 -0.008507223424046641
33.79 -1.571205948017152 -0.008434348182863606
33.81000001 -1.571373121660615 -0.008358677993807852
33.83 -1.5715387271374377 -0.008280277981273482
33.85 -1.5717027109151844 -0.008199188887335446
33.87 -1.571865020291158 -0.0081154687986767
33.89 -1.5720256037361855 -0.008029172251376858
33.91000001 -1.5721844108237042 -0.007940350405760925
33.93 -1.572341392162346 -0.007849070856620838
33.95 -1.572496499721582 -0.007755377961803265
33.97 -1.5726496863701587 -0.007659332428834734
33.99 -1.572800906200114 -0.007560991497766939
34.01000001 -1.572950114457494 -0.0074604091387947295
34.03 -1.5730972674770174 -0.007357654654996176
34.05 -1.5732423229858434 -0.007252775441303538
34.07 -1.5733852396683583 -0.007145834125742427
34.09 -1.5735259774680155 -0.007036889982857685
34.11000001 -1.5736644975202996 -0.006925999151206356
34.13 -1.5738007620900314 -0.00681323189320588
34.15 -1.573934734851133 -0.006698638055081752
34.17 -1.574066380481007 -0.006582281493704515
34.19 -1.5741956649381061 -0.006464222854952915
34.21000001 -1.5743225553977143 -0.006344519808144839
34.23 -1.574447020192405 -0.006223242846160341
34.25 -1.574569029065998 -0.006100443679645397
34.27 -1.5746885528003545 -0.005976186717825581
34.29 -1.5748055634669023 -0.0058505333273906595
34.31000001 -1.5749200343657552 -0.0057235420808763125
34.33 -1.575031939969786 -0.005595282999185274
34.35 -1.5751412561512927 -0.0054658090753325955
34.37 -1.5752479598436047 -0.005335184615596851
34.39 -1.5753520292651142 -0.005203471075475882
34.41000001 -1.5754534438622023 -0.005070727319043292
34.43 -1.5755521842573341 -0.004937022225100656
34.45 -1.5756482324472798 -0.004802409497283526
34.47 -1.5757415715014897 -0.004666952710497925
34.49 -1.5758321857575117 -0.0045307128010978045
34.51000001 -1.5759200607681345 -0.004393748334266298
34.53 -1.5760051832538573 -0.004256126414202136
34.55 -1.5760875412718371 -0.004117900898993041
34.57 -1.5761671239525514 -0.003979134035713638
34.59 -1.5762439216658053 -0.0038398856626925097
34.61000001 -1.5763179259724471 -0.0037002134819858136
34.63 -1.576389129581508 -0.0035601822331345558
34.65 -1.5764575264893663 -0.003419845392916413
34.67 -1.5765231117557796 -0.003279263320665236
34.69 -1.576585881640009 -0.0031384942114637965
34.71000001 -1.5766458335574003 -0.0029975943707716023
34.73 -1.5767029660414322 -0.002856625629910548
34.75 -1.5767572788529016 -0.0027156405734691997
34.77 -1.5768087727959779 -0.0025746971538116864
34.79 -1.5768574498242816 -0.002433851415184969
34.81000001 -1.5769033130025683 -0.002293157767755566
34.83 -1.5769463664738639 -0.0021526746411192755
34.85 -1.5769866155387786 -0.0020124532457363085
34.87 -1.5770240665118165 -0.001872548651893719
34.89 -1.5770587267975487 -0.0017330142866087206
34.91000001 -1.5770906048575752 -0.001593902204378149
34.93 -1.5771197101828713 -0.0014552669924381843
34.95 -1.5771460533436255 -0.0013171580377056174
34.97 -1.577169645885633 -0.0011796271003785678
34.99 -1.5771905003769924 -0.0010427245679676712
35.01000001 -1.577208630380462 -9.064997202312113E-4
35.03 -1.5772240504310842 -7.710029166094367E-4
35.05 -1.577236776057218 -6.362813066874851E-4
35.07 -1.5772468237164576 -5.023829619864909E-4
35.09 -1.577254210813553 -3.693548547677983E-4
35.11000001 -1.5772589556782208 -2.37243114770395E-4
35.13 -1.5772610775480593 -1.0609354497179033E-4
35.15 -1.5772605965617024 2.4049317848278472E-5
35.17 -1.5772575337333377 1.5314141823539012E-4
35.19 -1.5772519109428067 2.8113952654790263E-4
35.21000001 -1.5772437509188755 4.080009925606815E-4
35.23 -1.5772330772273984 5.33684840698268E-4
35.25 -1.5772199142377588 6.581494819800719E-4
35.27 -1.5772042871347178 7.813551520462369E-4
35.29 -1.5771862218818877 9.032626415052667E-4
35.31000001 -1.5771657452104095 0.0010238330619931602
35.33 -1.5771428846122773 0.001143030478129482
35.35 -1.5771176682814465 0.0012608165415371158
35.37 -1.5770901251614273 0.0013771560009592752
35.39 -1.5770602848835378 0.001492013894477162
35.41000001 -1.5770281777608883 0.0016053553297950677
35.43 -1.5769938347867278 0.0017171495665993376
35.45 -1.5769572875517965 0.0018273617465644407
35.47 -1.576918568325788 0.001935961300425889
35.49 -1.576877709971983 0.0020429176902477947
35.51000001 -1.5768347459463905 0.0021482002055283503
35.53 -1.576789710300934 0.0022517833987132966
35.55 -1.576742637578797 0.0023536361068559296
35.57 -1.5766935629276186 0.0024537325589154054
35.59 -1.5766425219922784 0.0025520467670121956
35.61000001 -1.5765895509189978 0.002648552339755076
35.63 -1.5765346863631462 0.0027432291641930062
35.65 -1.5764779653644727 0.0028360499336749314
35.67 -1.5764194254896755 0.0029269937398597044
35.69 -1.576359104705249 0.0030160392213269167
35.71000001 -1.576297041386312 0.00310316439526664
35.73 -1.5762332743287741 0.003188354471070788
35.75 -1.5761678426064727 0.0032715861150717667
35.77 -1.5761007857405567 0.0033528432958002427
35.79 -1.5760321435544322 0.003432109306223524
35.81000001 -1.5759619561870446 0.003509366614696982
35.83 -1.5758902641091126 0.0035846056889040196
35.85 -1.5758171079642886 0.0036578072411968922
35.87 -1.5757425287626357 0.0037289600826502993
35.89 -1.5756665677198018 0.003798052141689673
35.91000001 -1.5755892662744506 0.0038650703350269393
35.93 -1.5755106661082425 0.00393001027540904
35.95 -1.5754308089732103 0.003992856751610582
35.97 -1.5753497369064768 0.004053603336674179
35.99 -1.5752674920558623 0.00411224253072875
36.01000001 -1.5751841167011256 0.004168765652451886
36.03 -1.5750996532773522 0.004223173300252606
36.05 -1.5750141441907821 0.0042754543285070295
36.07 -1.5749276320518224 0.004325606947985106
36.09 -1.5748401594893349 0.00437362812437601
36.11000001 -1.5747517691753314 0.004419513490415357
36.13 -1.5746625038514022 0.004463268428097567
36.15 -1.5745724061352624 0.004504885806989386
36.17 -1.5744815187690482 0.004544368310709768
36.19 -1.5743898844245567 0.004581717224573035
36.21000001 -1.574297545731016 0.0046169323685704014
36.23 -1.574204545304174 0.004650023667113748
36.25 -1.5741109255458323 0.004680987917082092
36.27 -1.574016728904382 0.004709832072512895
36.29 -1.5739219976732672 0.004736561555741368
36.31000001 -1.5738267740214353 0.004761180211003924
36.33 -1.5737311000246965 0.004783702228793311
36.35 -1.5736350174604918 0.004804128210233264
36.37 -1.5735385680776246 0.004822469143362778
36.39 -1.5734417933901959 0.00483873437143658
36.41000001 -1.573344734710331 0.0048529315667729216
36.43 -1.573247433181412 0.004865078878497896
36.45 -1.5731499295702835 0.004875180556417683
36.47 -1.5730522645431686 0.004883251355748269
36.49 -1.5729544784572789 0.004889304294485654
36.51000001 -1.5728566113954063 0.0048933506469522655
36.53 -1.572758703200627 0.004895412186675266
36.55 -1.572660793268092 0.004895496626745463
36.57 -1.5725629208241674 0.004893622196232917
36.59 -1.5724651247178625 0.004889805315243869
36.61000001 -1.5723674434568722 0.0048840606074855185
36.63 -1.5722699152433532 0.004876413114152904
36.65 -1.572172577767364 0.00486687379945935
36.67 -1.5720754684863565 0.004855464050378751
36.69 -1.5719786244184812 0.0048422033937632536
36.71000001 -1.5718820821796684 0.004827109527086064
36.73 -1.5717858780200835 0.0048102103843508225
36.75 -1.5716900476211806 0.0047915199451457335
36.77 -1.5715946263727858 0.004771062419738712
36.79 -1.5714996491702369 0.004748860127446853
36.81000001 -1.5714051504520976 0.004724933544495728
36.83 -1.5713111642369078 0.004699313109150498
36.85 -1.5712177239257035 0.004672015560213507
36.87 -1.5711248625740624 0.004643067582056162
36.89 -1.5710326126949212 0.004612493957056153
36.91000001 -1.570941006296529 0.004580317629453405
36.93 -1.5708500749191165 0.004546571143907596
36.95 -1.5707598494446124 0.004511273725204395
36.97 -1.570670360361172 0.0044744541720218595
36.99 -1.5705816375733892 0.004436139389140532
37.01000001 -1.5704937104401047 0.004396354466050346
37.03 -1.5704066078106393 0.004355133650832264
37.05 -1.5703203578432925 0.0043124983673434565
37.07 -1.5702349882600497 0.004268479162138793
37.09 -1.5701505261657642 0.004223104714273124
37.11000001 -1.570066998085454 0.00417640192730981
37.13 -1.5699844299997603 0.004128406348889449
37.15 -1.5699028471736662 0.004079141304703361
37.17 -1.569822274399267 0.004028638719965541
37.19 -1.5697427358253442 0.00397692869613743
37.21000001 -1.5696642549938067 0.003924039614854287
37.23 -1.5695868548740548 0.003870007922598908
37.25 -1.5695105577032025 0.003814858542616165
37.27 -1.5694353852149912 0.0037586244105652596
37.29 -1.5693613584810255 0.0037013366982815024
37.31000001 -1.569288497946032 0.0036430249281646848
37.33 -1.5692168234608344 0.003583726051745181
37.35 -1.5691463541351975 0.0035234662818400863
37.37 -1.5690771085511805 0.003462279200850538
37.39 -1.5690091046171342 0.0034001967023184155
37.41000001 -1.5689423596014782 0.003337249114173754
37.43 -1.5688768901640189 0.0032734735097029385
37.45 -1.5688127122223643 0.00320889708272881
37.47 -1.56874984114823 0.003143553706719885
37.49 -1.5686882916351332 0.003077475654833036
37.51000001 -1.568628077730415 0.003010693730570181
37.53 -1.5685692128646551 0.0029432447596114916
37.55 -1.5685117097324401 0.0028751566107493467
37.57 -1.5684555804703622 0.002806463103898876
37.59 -1.5684008365391715 0.0027371965595319897
37.61000001 -1.568347488753796 0.0026673879350798653
37.63 -1.5682955473106424 0.00259707345622044
37.65 -1.5682450216833212 0.0025262813660558744
37.67 -1.5681959207813112 0.002455045100501934
37.69 -1.5681482528471584 0.002383396707639681
37.71000001 -1.5681020254842784 0.0023113669883195053
37.73 -1.5680572456819566 0.0022389912355841248
37.75 -1.5680139197264689 0.0021662977743860334
37.77 -1.5679720533396098 0.0020933193429547637
37.79 -1.5679316515913588 0.002020087412546847
37.81000001 -1.5678927189252783 0.0019466323307120053
37.83 -1.5678552591810577 0.0018729881475213236
37.85 -1.5678192755212976 0.0017991829880045736
37.87 -1.567784770549333 0.001725248598228101
37.89 -1.5677517462376163 0.0016512155858403239
37.91000001 -1.5677202039505547 0.001577113564523078
37.93 -1.5676901444644749 0.0015029750554780667
37.95 -1.5676615679101726 0.0014288277151106575
37.97 -1.5676344738696883 0.0013547020242146632
37.99 -1.5676088613204913 0.0012806274598540443
38.01000001 -1.5675847286556346 0.001206632639517858
38.03 -1.5675620737010436 0.001132748295922651
38.05 -1.5675408936737765 0.0010590013633573368
38.07 -1.5675211852576283 9.854208074087782E-4
38.09 -1.567502944563044 9.12034729216717E-4
38.11000001 -1.5674861671444973 8.388705078981356E-4
38.13 -1.5674708480150392 7.659568558817906E-4
38.15 -1.5674569816200608 6.933197489235312E-4
38.17 -1.5674445618918162 6.209864122252025E-4
38.19 -1.567433582224839 5.489833488582211E-4
38.21000001 -1.567424035490484 4.7733647908407403E-4
38.23 -1.5674159140486996 4.060722922569652E-4
38.25 -1.5674092097369419 3.352155878876859E-4
38.27 -1.5674039139039093 2.6479165162736373E-4
38.29 -1.567400017400094 1.9482519076911554E-4
38.31000001 -1.5673975105894549 1.2534046928319565E-4
38.33 -1.5673963833584088 5.6361580483845194E-5
38.35 -1.5673966251194065 -1.208804988328349E-5
38.37 -1.5673982248243667 -7.998524801379673E-5
38.39 -1.5674011709698596 -1.473072746449358E-4
38.41000001 -1.5674054516059097 -2.1403169548764198E-4
38.43 -1.567411054342225 -2.8013695583521957E-4
38.45 -1.5674179663658243 -3.456011799629081E-4
38.47 -1.5674261744348374 -4.1040345065698595E-4
38.49 -1.5674356648976935 -4.745231428015342E-4
38.51000001 -1.5674464236990795 -5.379398003308199E-4
38.53 -1.5674584363834565 -6.006345191674505E-4
38.55 -1.5674716881260107 -6.625871277089676E-4
38.57 -1.5674861637076538 -7.237790821567037E-4
38.59 -1.5675018475474758 -7.841919910987922E-4
38.61000001 -1.5675187237059136 -8.438074999872541E-4
38.63 -1.5675367758856256 -9.026094369025227E-4
38.65 -1.567555987474938 -9.605794656255242E-4
38.67 -1.5675763415050312 -0.0010177015046573608
38.69 -1.567597820694816 -0.001073959489239709
38.71000001 -1.5676204074513906 -0.001129337264062514
38.73 -1.5676440838683692 -0.0011838214408377693
38.75 -1.5676688317809042 -0.0012373956267517647
38.77 -1.567694632706181 -0.001290046263835241
38.79 -1.5677214678997875 -0.0013417596803291692
38.81000001 -1.5677493183535618 -0.001392521992453321
38.83 -1.5677781647914906 -0.001442322617600436
38.85 -1.5678079877353122 -0.001491147191079223
38.87 -1.5678387674295606 -0.0015389847124239473
38.89 -1.5678704839084223 -0.0015858239430841267
38.91000001 -1.5679031169910975 -0.0016316533179338056
38.93 -1.567936646275406 -0.0016764650536599983
38.95 -1.567971051212908 -0.0017202468750918219
38.97 -1.5680063110198428 -0.0017629903467434494
38.99 -1.5680424047534036 -0.001804686678041618
39.01000001 -1.5680793113047553 -0.0018453266449214554
39.03 -1.5681170093905008 -0.0018849052297272339
39.05 -1.5681554776362059 -0.0019234122852544386
39.07 -1.5681946944746656 -0.001960841922987426
39.09 -1.5682346382304735 -0.001997187790392062
39.11000001 -1.5682752871108585 -0.002032443003029775
39.13 -1.5683166191951798 -0.0020666052493690237
39.15 -1.5683586125257036 -0.002099666526190065
39.17 -1.5684012449946954 -0.002131623449585729
39.19 -1.5684444944361267 -0.0021624720715655993
39.21000001 -1.5684883386145072 -0.002192207822923038
39.23 -1.5685327552125878 -0.002220831014447648
39.25 -1.5685777219282124 -0.0022483357812293865
39.27 -1.5686232163517853 -0.0022747211786407814
39.29 -1.5686692160639333 -0.002299985607401758
39.31000001 -1.5687156986225215 -0.00232412676734566
39.33 -1.5687626415487563 -0.002347147485317349
39.35 -1.5688100224289199 -0.0023690440081765756
39.37 -1.5688578187837978 -0.0023898177438979352
39.39 -1.5689060081711015 -0.0024094693651828935
39.41000001 -1.5689545681708654 -0.002427998774198089
39.43 -1.5690034763701513 -0.0024454111869965244
39.45 -1.569052710468472 -0.002461704916034317
39.47 -1.56910224814078 -0.0024768836153992654
39.49 -1.569152067143455 -0.002490950133748503
39.51000001 -1.569202145298291 -0.0025039064898492412
39.53 -1.569252460476006 -0.0025157601436369514
39.55 -1.569302990704175 -0.0025265114084410153
39.57 -1.5693537140253777 -0.0025361660601404467
39.59 -1.569404608605571 -0.00254472900966767
39.61000001 -1.5694556527168781 -0.0025522042892519954
39.63 -1.5695068247201125 -0.002558601441017699
39.65 -1.5695581031740593 -0.002563922697341136
39.67 -1.5696094666903706 -0.0025681758155644977
39.69 -1.5696608940431593 -0.002571367639437284
39.71000001 -1.569712364150809 -0.0025735040957334623
39.73 -1.569763856057723 -0.0025745966329935323
39.75 -1.5698153490438256 -0.002574649305131113
39.77 -1.5698668224777597 -0.0025736716967035694
39.79 -1.5699182559265774 -0.0025716724408880298
39.81000001 -1.569969629136787 -0.0025686592261523135
39.83 -1.5700209220155374 -0.002564645219842544
39.85 -1.5700721147392545 -0.002559636185850022
39.87 -1.5701231876066495 -0.0025536433697520094
39.89 -1.5701741211474265 -0.0025466770388500775
39.91000001 -1.570224896102781 -0.002538746498349045
39.93 -1.570275493406227 -0.002529866437240061
39.95 -1.5703258942903355 -0.0025200442054225617
39.97 -1.570376080141006 -0.002509292533526219
39.99 -1.57042603260416 -0.002497623157693028
