0.010000022 0 -0.1 0
0.03 0 -0.0999999995 -3.9999959999951997E-10
0.05 0 -0.09999998749999045 -7.999212916138307E-4
0.07 0 -0.09999991591535745 -0.0015929700511746895
0.09 0 -0.09999969068455997 -0.0023787531145009868
0.110000022 0 -0.09999917251208623 -0.0031569043667211572
0.13 1.305288584882484 -0.09999817808496303 -0.003927081998274382
0.15 1.305288584882484 -0.0999994982420883 0.005708040010544196
0.17 1.305288584882484 -0.09999898791348616 0.014815483091610192
0.19 1.305288584882484 -0.09998567265347882 0.02289547935043309
0.210000022 1.305288584882484 -0.09994191168432476 0.029851483215091
0.23 0.2516196113697828 -0.09984353877308462 0.03582455786670788
0.25 0.2516196113697828 -0.09969383907384038 0.036369854964141406
0.27 0.2516196113697828 -0.09948980421265907 0.03690615845286723
0.29 0.2516196113697828 -0.09922841038000373 0.03743403540728821
0.310000022 0.2516196113697828 -0.09890662129881592 0.03795401405179709
0.33 0.14167079736702687 -0.0985213920791339 0.0384665837633065
0.35 0.14167079736702687 -0.09807826366560601 0.03848739512460888
0.37 0.14167079736702687 -0.09757732372949669 0.03851003919914811
0.39 0.14167079736702687 -0.09701867480193431 0.038534790510076716
0.410000022 0.14167079736702687 -0.09640243009782593 0.038561891494682754
0.43 0.0982491332792251 -0.09572871176893041 0.03859155244912693
0.45 0.0982491332792251 -0.09500307280265508 0.038431636915505586
0.47 0.0982491332792251 -0.0942268117825042 0.03827501693086681
0.49 0.0982491332792251 -0.09340120147090994 0.038121974003230676
0.510000022 0.0982491332792251 -0.09252748309653715 0.03797275591550932
0.53 0.06330049642730945 -0.09160686481623843 0.037827576810739005
0.55 0.06330049642730945 -0.09064642493156126 0.03752834793711901
0.57 0.06330049642730945 -0.08964814790371367 0.0372326556346126
0.59 0.06330049642730945 -0.08861394519538675 0.03694078005409193
0.610000022 0.06330049642730945 -0.08754565033322877 0.03665296755973288
0.63 0.03329500998515886 -0.08644501952530732 0.03636943094806293
0.65 0.03329500998515886 -0.08531999360944695 0.03594912303182284
0.67 0.03329500998515886 -0.08417280565162076 0.035531815437955
0.69 0.03329500998515886 -0.08300557746899238 0.035117771602054745
0.710000022 0.03329500998515886 -0.08182031680618207 0.034707222640370336
0.73 0.008143870140752296 -0.08061892091995132 0.03430036769728835
0.75 0.008143870140752296 -0.07940929566358614 0.03377257920339372
0.77 0.008143870140752296 -0.07819356506857644 0.03324673450272372
0.79 0.008143870140752296 -0.07697372157802278 0.032723072158842174
0.810000022 0.008143870140752296 -0.07575162559153592 0.032201801305274315
0.83 -0.012167607425924473 -0.07452901173178983 0.0316831021356514
0.85 -0.012167607425924473 -0.07331302092090601 0.031059629329788875
0.87 -0.012167607425924473 -0.07210543345667257 0.030436817294845386
0.89 -0.012167607425924473 -0.07090789694557598 0.02981488791255214
0.910000022 -0.012167607425924473 -0.06972192765397761 0.029194038004989712
0.93 -0.02777448103734246 -0.06854891844024202 0.028574440005629413
0.95 -0.02777448103734246 -0.06739475869742043 0.027867403612296462
0.97 -0.02777448103734246 -0.0662607774958721 0.027159893921925193
0.99 -0.02777448103734246 -0.06514818518315087 0.026452143603167107
1.010000022 -0.02777448103734246 -0.06405807564562499 0.02574436585460997
1.03 -0.038919369135020546 -0.06299143467552594 0.025036755255778118
1.05 -0.038919369135020546 -0.061952647452655135 0.02426100172748614
1.07 -0.038919369135020546 -0.0609425864648446 0.02348421622119578
1.09 -0.038919369135020546 -0.059962028086898655 0.022706679510458426
1.110000022 -0.038919369135020546 -0.059011654936635294 0.021928658058075555
1.13 -0.045929067087594456 -0.058092063635024886 0.021150404910489938
1.15 -0.045929067087594456 -0.05720607191662504 0.020325755485038965
1.17 -0.045929067087594456 -0.056354155947240636 0.019500431624648033
1.19 -0.045929067087594456 -0.0555367209191205 0.01867478366850567
1.210000022 -0.045929067087594456 -0.05475410297794412 0.017849149212446336
1.23 -0.049192472079157265 -0.05400657571119341 0.017023853874373503
1.25 -0.049192472079157265 -0.05329546068800518 0.01617614307174721
1.27 -0.049192472079157265 -0.0526209290397919 0.01532907358563686
1.29 -0.049192472079157265 -0.05198310414366494 0.014483041261951435
1.310000022 -0.049192472079157265 -0.05138206291571143 0.013638425261198572
1.33 -0.04913961827950626 -0.05081784074452135 0.012795588883974817
1.35 -0.04913961827950626 -0.050290417698830574 0.011955339296876687
1.37 -0.04913961827950626 -0.04979975616979615 0.011117611882748075
1.39 -0.04913961827950626 -0.04934578958320851 0.01028277534677098
1.410000022 -0.04913961827950626 -0.048928423096648646 0.00945117528675695
1.43 -0.04622176006604177 -0.048547536987132885 0.00862313573778601
1.45 -0.04622176006604177 -0.04820196704083407 0.007821691083391577
1.47 -0.04622176006604177 -0.04789155214733432 0.007024515032344299
1.49 -0.04622176006604177 -0.04761611571910072 0.006231867511023899
1.510000022 -0.04622176006604177 -0.0473754659732698 0.005443982972753498
1.53 -0.04089353701651566 -0.04716939796717437 0.0046610731041504825
1.55 -0.04089353701651566 -0.046995814051434805 0.003925673644421751
1.57 -0.04089353701651566 -0.046854496381006125 0.003195516545511456
1.59 -0.04089353701651566 -0.04674522011555395 0.002470713576623897
1.610000022 -0.04089353701651566 -0.04666775352554003 0.0017513561742499176
1.63 -0.03359875272966703 -0.04662185896213986 0.0010375189283502297
1.65 -0.03359875272966703 -0.046604711934064166 3.8761973243463287E-4
1.67 -0.03359875272966703 -0.046616085130528534 -2.570971873780228E-4
1.69 -0.03359875272966703 -0.04665574869929251 -8.966491208837982E-4
1.710000022 -0.03359875272966703 -0.04672347041029132 -0.0015310636739319819
1.73 -0.02476066863054811 -0.04681901586575893 -0.00216037533405676
1.75 -0.02476066863054811 -0.046939026961852294 -0.00271418260181618
1.77 -0.02476066863054811 -0.047083297560635506 -0.0032637554669411603
1.79 -0.02476066863054811 -0.04725162063377314 -0.003809186919371543
1.810000022 -0.02476066863054811 -0.04744378866474026 -0.004350570316924854
1.83 -0.01477641457513925 -0.04765959337181095 -0.004887996575948672
1.85 -0.01477641457513925 -0.04789531948780491 -0.005342781735245714
1.87 -0.01477641457513925 -0.048150800462250745 -0.0057948070053556785
1.89 -0.01477641457513925 -0.048425868837424065 -0.006244186942088439
1.910000022 -0.01477641457513925 -0.048720356996394654 -0.006691029538460119
1.93 -0.004014156623202748 -0.04903409661150481 -0.007135434156524407
1.95 -0.004014156623202748 -0.04936317418051734 -0.007493683851150687
1.97 -0.004014156623202748 -0.04970747310828956 -0.00785080738794454
1.99 -0.004014156623202748 -0.05006687506662314 -0.008206904505844605
2.010000022 -0.004014156623202748 -0.050441261123032814 -0.008562064710541623
2.03 0.007188430343938901 -0.05083051106352218 -0.008916365817596323
2.05 0.007188430343938901 -0.05123065436577352 -0.009183784147730181
2.07 0.007188430343938901 -0.05164162974310054 -0.009451605272084978
2.09 0.007188430343938901 -0.05206337308320167 -0.009719897458920492
2.110000022 0.007188430343938901 -0.052495818935682975 -0.009988717277879406
2.13 0.01852532815075316 -0.05293889980417957 -0.010258108594958487
2.15 0.01852532815075316 -0.05338871105133926 -0.010441978510298312
2.17 0.01852532815075316 -0.053845248762053155 -0.010627531635364205
2.19 0.01852532815075316 -0.05430850511287188 -0.010814801946813704
2.210000022 0.01852532815075316 -0.054778470159348794 -0.011003811357609744
2.23 0.029723337540427684 -0.055255131153374965 -0.01119456905676961
2.25 0.029723337540427684 -0.055734752897696284 -0.011302739013853614
2.27 0.029723337540427684 -0.05621738832882191 -0.011413573194387776
2.29 0.029723337540427684 -0.05670308549976458 -0.01152707559602421
2.310000022 0.029723337540427684 -0.05719188958936762 -0.0116432381933276
2.33 0.040543223923407166 -0.05768384227502015 -0.011762040564739602
2.35 0.040543223923407166 -0.058175460945646844 -0.01180240025826367
2.37 0.040543223923407166 -0.058666852423508956 -0.011846112743963823
2.39 0.040543223923407166 -0.0591581177833053 -0.011893158784432967
2.410000022 0.040543223923407166 -0.05964935450050599 -0.011943507258715739
2.43 0.050780685740640416 -0.06014065589413103 -0.011997115044865423
2.45 0.050780685740640416 -0.06062885411014546 -0.011977389274590487
2.47 0.050780685740640416 -0.06111410442713712 -0.011961449466631208
2.49 0.050780685740640416 -0.06159655559689736 -0.011949259798944518
2.510000022 0.050780685740640416 -0.06207635205282905 -0.011940772729998165
2.53 0.06026696694301048 -0.06255363342874647 -0.011935929113945618
2.55 0.06026696694301048 -0.06302558812797354 -0.011863650177093874
2.57 0.06026696694301048 -0.06349241210867079 -0.01179538399051909
2.59 0.06026696694301048 -0.06395429409096119 -0.01173108367341151
2.610000022 0.06026696694301048 -0.06441141775579295 -0.011670690840980793
2.63 0.06886896785378126 -0.06486396134092233 -0.011614135930059144
2.65 0.06886896785378126 -0.06530949166580378 -0.01149669701004238
2.67 0.06886896785378126 -0.06574823563227468 -0.011383341440931331
2.69 0.06886896785378126 -0.06618041226966627 -0.011274015455686504
2.710000022 0.06886896785378126 -0.06660623486612358 -0.011168654102681554
2.73 0.07648875282687218 -0.06702591064007705 -0.01106718175804532
2.75 0.07648875282687218 -0.06743738992596192 -0.01091190739115339
2.77 0.07648875282687218 -0.06784091953917708 -0.010760675960617201
2.79 0.07648875282687218 -0.06823673789833577 -0.010613429745754277
2.810000022 0.07648875282687218 -0.06862507704296995 -0.010470100308233247
2.83 0.08306239731453488 -0.06900616237670487 -0.010330609165736165
2.85 0.08306239731453488 -0.06937831877715406 -0.010144802145225902
2.87 0.08306239731453488 -0.06974180150159687 -0.009962923303920037
2.89 0.08306239731453488 -0.07009685704335215 -0.009784912877728568
2.910000022 0.08306239731453488 -0.07044372500085773 -0.009610701023170382
2.93 0.08855816083182 -0.07078263788690696 -0.009440208625308569
2.95 0.08855816083182 -0.0711122754347658 -0.00923114930844081
2.97 0.08855816083182 -0.07143289033490907 -0.009025855586648611
2.99 0.08855816083182 -0.07174472634952628 -0.008824266774026042
3.010000022 0.08855816083182 -0.07204802000765849 -0.008626312918302112
3.03 0.09297401669501171 -0.0723430004731703 -0.008431915714362258
3.05 0.09297401669501171 -0.07262867529228523 -0.00820680344481807
3.07 0.09297401669501171 -0.07290528486018448 -0.007985262602730024
3.09 0.09297401669501171 -0.07317306071381417 -0.007767232151653203
3.110000022 0.09297401669501171 -0.07343222703602366 -0.0075526427629329825
3.13 0.09633461278166508 -0.0736830005736058 -0.007341417804553235
3.15 0.09633461278166508 -0.0739246853417626 -0.0071072570121649085
3.17 0.09633461278166508 -0.07415750161160388 -0.006876449218582858
3.19 0.09633461278166508 -0.07438166110944702 -0.006648933307161818
3.210000022 0.09633461278166508 -0.07459736831991852 -0.006424640977111934
3.23 0.09868777588695778 -0.07480482044464092 -0.00620349777627233
3.25 0.09868777588695778 -0.07500358484845071 -0.005966942993971448
3.27 0.09868777588695778 -0.07519385610777185 -0.005733499511047213
3.29 0.09868777588695778 -0.0753758207951604 -0.0055031063483928
3.310000022 0.09868777588695778 -0.07554965857737049 -0.00527569654661838
3.33 0.10010070054994503 -0.07571554220526201 -0.005051198211198506
3.35 0.10010070054994503 -0.07587326938409926 -0.004818380889353158
3.37 0.10010070054994503 -0.07602300576798283 -0.004588407837594755
3.39 0.10010070054994503 -0.07616490973760709 -0.00436121858835967
3.410000022 0.10010070054994503 -0.07629913329457526 -0.0041367479469983145
3.43 0.10065597753986232 -0.0764258220738733 -0.003914927019080514
3.45 0.10065597753986232 -0.07654497245869753 -0.003691290508808551
3.47 0.10065597753986232 -0.07665672013831104 -0.0034702040022178103
3.49 0.10065597753986232 -0.07676119439518783 -0.003251608196235963
3.510000022 0.10065597753986232 -0.07685851880152063 -0.003035440312152967
3.53 0.1004476161735892 -0.0769488112470213 -0.0028216350779228815
3.55 0.1004476161735892 -0.07703223713879423 -0.0026118015814027584
3.57 0.1004476161735892 -0.0771089030039388 -0.0024041972036375195
3.59 0.1004476161735892 -0.07717890990501668 -0.00219876474737946
3.610000022 0.1004476161735892 -0.077242353948758 -0.001995444739233826
3.63 0.09957720004821013 -0.07729932632376678 -0.0017941763443571437
3.65 0.09957720004821013 -0.07735013402932579 -0.0016018620212473328
3.67 0.09957720004821013 -0.07739485663037272 -0.001411433565764091
3.69 0.09957720004821013 -0.07743356918566587 -0.0012228370222857985
3.710000022 0.09957720004821013 -0.07746634258212012 -0.0010360172635087753
3.73 0.09815029180525699 -0.0774932435789274 -8.509188204319296E-4
3.75 0.09815029180525699 -0.07751469547259154 -6.789032112190105E-4
3.77 0.09815029180525699 -0.07753075398067188 -5.084155749950031E-4
3.79 0.09815029180525699 -0.07754147123708384 -3.39406373233117E-4
3.810000022 0.09815029180525699 -0.0775468959682208 -1.7182587424690018E-4
3.83 0.09627317429483229 -0.07754707354176903 -5.624887001354924E-6
3.85 0.09627317429483229 -0.07754252015209363 1.4422860795676521E-4
3.87 0.09627317429483229 -0.07753327124334544 2.929165540725186E-4
3.89 0.09627317429483229 -0.07751935952274226 4.4048301887591855E-4
3.910000022 0.09627317429483229 -0.07750081499660187 5.869714271826994E-4
3.93 0.09404998743110805 -0.07747766502353144 7.324239297646347E-4
3.95 0.09404998743110805 -0.07745049691496922 8.591063760910259E-4
3.97 0.09404998743110805 -0.077419329490156 9.849792025170064E-4
3.99 0.09404998743110805 -0.07738417957610988 0.001110080196882982
4.010000022 0.09404998743110805 -0.07734506192289296 0.001234445814792207
4.03 0.09158029498987408 -0.07730198926176796 0.0013581106528167603
4.05 0.09158029498987408 -0.07725559963166241 0.0014613775467589465
4.07 0.09158029498987408 -0.0772058986607983 0.001564173734778981
4.09 0.09158029498987408 -0.07715289061527851 0.0016665302263537667
4.110000022 0.09158029498987408 -0.0770965782133656 0.0017684761497287578
4.13 0.08895709475867515 -0.07703696268959648 0.0018700383284397343
4.15 0.08895709475867515 -0.07697471368292573 0.001950303844089708
4.17 0.08895709475867515 -0.07690982666299202 0.0020304115925250327
4.19 0.08895709475867515 -0.07684229625190934 0.002110385623459502
4.210000022 0.08895709475867515 -0.07677211595712269 0.0021902476857143765
4.23 0.08626526875996793 -0.07669927824240656 0.0022700169034155578
4.25 0.08626526875996793 -0.07662446646576372 0.0023282428557919238
4.27 0.08626526875996793 -0.07654766847731197 0.0023865911919527315
4.29 0.08626526875996793 -0.07646887168669653 0.0024450791029082338
4.310000022 0.08626526875996793 -0.07638806273330893 0.0025037211754069936
4.33 0.08358045711962278 -0.07630522756467223 0.0025625291623898637
4.35 0.08358045711962278 -0.07622104671008056 0.002600116105881807
4.37 0.08358045711962278 -0.0761355024320152 0.0026380682938064175
4.39 0.08358045711962278 -0.07604857686564503 0.002676396385005513
4.410000022 0.08358045711962278 -0.07596025164397363 0.0027151082343302374
4.43 0.0809683288873708 -0.07587050798346803 0.002754208750602791
4.45 0.0809683288873708 -0.07578000853095074 0.0027728937304815986
4.47 0.0809683288873708 -0.07568873152868649 0.0027921471829840962
4.49 0.0809683288873708 -0.07559665532720093 0.0028119737248353356
4.510000022 0.0809683288873708 -0.07550375798138471 0.0028323750613596494
4.53 0.07848421525931921 -0.07541001734249386 0.002853349924181641
4.55 0.07848421525931921 -0.0753160648132069 0.0028551131110426484
4.57 0.07848421525931921 -0.0752218757954515 0.0028576078565792752
4.59 0.07848421525931921 -0.07512742597384486 0.0028608333333208632
4.610000022 0.07848421525931921 -0.07503269089705725 0.0028647857773109867
4.63 0.07617306494088714 -0.07493764607462211 0.002869458496989534
4.65 0.07617306494088714 -0.07484288019348972 0.002856439410729432
4.67 0.07617306494088714 -0.07474836669873518 0.0028442757560269067
4.69 0.07617306494088714 -0.07465407944617967 0.002832961922900411
4.710000022 0.07617306494088714 -0.07455999228149968 0.0028224894129476085
4.73 0.07406967768159961 -0.07446607913973498 0.002812846910282968
4.75 0.07406967768159961 -0.07437287657601793 0.002787270107434269
4.77 0.07406967768159961 -0.07428035675525192 0.002762635383038319
4.79 0.07406967768159961 -0.07418849234681173 0.0027389330381015022
4.810000022 0.07406967768159961 -0.07409725611206763 0.0027161505974611336
4.83 0.07219917019791357 -0.07400662100412779 0.0026942729332977973
4.85 0.07219917019791357 -0.07391706419442276 0.0026583827098950173
4.87 0.07219917019791357 -0.07382855711481114 0.0026234867081140673
4.89 0.07219917019791357 -0.07374107176994607 0.002589571843371306
4.910000022 0.07219917019791357 -0.07365458034212327 0.0025566224221281334
4.93 0.07057762862479343 -0.07356905528866672 0.002524620308362127
4.95 0.07057762862479343 -0.0734849093473073 0.0024806239596259563
4.97 0.07057762862479343 -0.07340211369344019 0.002437642678892173
4.99 0.07057762862479343 -0.07332064012414102 0.0023956606943426172
5.010000054 0.07057762862479343 -0.0732404606875822 0.0023546598376612
5.03 0 -0.07316154777556137 0.0023146160467546594
5.05 0 -0.07310314053120512 0.0017119657053251368
5.07 0 -0.07306511482323602 0.0011140130076277772
5.09 0 -0.07304733364634687 5.207739597374723E-4
5.11000001 0 -0.07304964702793273 -6.774878371713092E-5
5.13 0 -0.07307189270638552 -6.51560470791397E-4
5.15 0 -0.07311389657246324 -0.0012306756845687215
5.17 0 -0.07317547310999464 -0.0018051134141835311
5.19 0 -0.07325642562350577 -0.00237490156395477
5.21000001 0 -0.07335654657495476 -0.0029400736353862754
5.23 0 -0.07347561776703908 -0.003500667090263604
5.25 0 -0.07361341043239779 -0.00405673184920365
5.27 0 -0.07376968557305554 -0.004608311179286895
5.29 0 -0.07394419361901727 -0.005155460392293685
5.31000001 0 -0.07413667468572548 -0.00569823646155111
5.33 0 -0.07434685844863333 -0.006236696503642424
5.35 0 -0.07457446393662645 -0.0067709130109594624
5.37 0 -0.0748191998093729 -0.00730094142832184
5.39 0 -0.07508076351387978 -0.007826852287214347
5.41000001 0 -0.07535884149807276 -0.008348714211465099
5.43 0 -0.07565310882492027 -0.008866592569477753
5.45 0 -0.07596322871745415 -0.009380571019020307
5.47 0 -0.07628885280157491 -0.009890706716032618
5.49 0 -0.07662961982319315 -0.010397074992457116
5.51000001 0 -0.07698515584319789 -0.01089974622650755
5.53 0 -0.07735507363343175 -0.01139878468273531
5.55 0 -0.07773897201567485 -0.011894275895065663
5.57 0 -0.07813643608988394 -0.012386270477533465
5.59 0 -0.07854703557510685 -0.012874840380095098
5.61000001 0 -0.07897032500565558 -0.013360050104997918
5.63 0 -0.07940584295049691 -0.01384195573028649
5.65 0 -0.07985311118913485 -0.014320637636237001
5.67 0 -0.08031163494295866 -0.014796133885040886
5.69 0 -0.08078090091036605 -0.015268507066384596
5.71000001 0 -0.0812603774842775 -0.015737810337031862
5.73 0 -0.08174951384234713 -0.01620408661218526
5.75 0 -0.08224773901010514 -0.016667406142094665
5.77 0 -0.08275446211702674 -0.01712779040521558
5.79 0 -0.0832690702116438 -0.01758528856765448
5.81000001 0 -0.08379092852749942 -0.018039938811396365
5.83 0 -0.08431937950506928 -0.01849176767354677
5.85 0 -0.08485374180779644 -0.018940831995955074
5.87 0 -0.08539331063542277 -0.019387134240109093
5.89 0 -0.0859373554293329 -0.01983070761930033
5.91000001 0 -0.08648512022823444 -0.020271573163603375
5.93 0 -0.08703582270446365 -0.020709739186314677
5.95 0 -0.08758865322217686 -0.021145247154160447
5.97 0 -0.08814277525867754 -0.021578079286099266
5.99 0 -0.08869732314413246 -0.022008251465763295
6.01000001 0 -0.08925140256958346 -0.022435766469546863
6.03 0 -0.08980408975018572 -0.022860613540580083
6.05 0 -0.09035443064633564 -0.023282817756989094
6.07 0 -0.09090144156842006 -0.02370234072351806
6.09 0 -0.09144410713728199 -0.02411918042939169
6.11000001 0 -0.09198138103417451 -0.02453332104072875
6.13 0 -0.09251218543959937 -0.02494473256424877
6.15 0 -0.0930354105752152 -0.025353423324143948
6.17 0 -0.09354991559596107 -0.02575933449721007
6.19 0 -0.09405452700471899 -0.026162446144683597
6.21000001 0 -0.09454803976270719 -0.026562723942739255
6.23 0 -0.0950292171903581 -0.026960118920565438
6.25 0 -0.09549679102515729 -0.027354622691611825
6.27 0 -0.09594946273173666 -0.027746156521630472
6.29 0 -0.0963859026489229 -0.028134682830313652
6.31000001 0 -0.09680475160250897 -0.028520149204860235
6.33 0 -0.09720462148551816 -0.0289024882001228
6.35 0 -0.0975840960551895 -0.029281675006378377
6.37 0 -0.09794173280658199 -0.029657611677356963
6.39 0 -0.09827606316065574 -0.030030243466711327
6.41000001 0 -0.09858559472761003 -0.03039950044055669
6.43 0 -0.09886881279461512 -0.03076529733111494
6.45 0 -0.09912418208965892 -0.031127593359527285
6.47 0 -0.09935014935306664 -0.03148627218981405
6.49 0 -0.09954514487439678 -0.03184126253390036
6.51000001 0 -0.09970758552746883 -0.03219247765062507
6.53 0 -0.09983587736645437 -0.03253981524846682
6.55 0 -0.09992841854675819 -0.03288321921671751
6.57 0 -0.09998360267384702 -0.033222555813543386
6.59 0 -0.09999982194398054 -0.03355773803852222
6.61000001 0 -0.09997547099331289 -0.03388866327866118
6.63 0 -0.09990895071858515 -0.03421521325988531
6.65 0 -0.0997986724462965 -0.0345373174710359
6.67 0 -0.09964306202206269 -0.03485482604207954
6.69 0 -0.09944056468608457 -0.03516763744120928
6.71000001 0 -0.09918964963302722 -0.03547563450361678
6.73 0 -0.09888881501621587 -0.035778684434614294
6.75 0 -0.09853659328272872 -0.0360767037362025
6.77 0 -0.09813155577990347 -0.03636952818682006
6.79 0 -0.09767231929108154 -0.036657043467408945
6.81000001 0 -0.09715755098712962 -0.03693911978646945
6.83 0 -0.09658597434180383 -0.03721561193899949
6.85 0 -0.09595637530504751 -0.03748642556270531
6.87 0 -0.09526760695558335 -0.03775138459486953
6.89 0 -0.09451859734688589 -0.0380103644652084
6.91000001 0 -0.09370835426521894 -0.038263225511376675
6.93 0 -0.09283597150290326 -0.038509813096466415
6.95 0 -0.09190063525557723 -0.038750025029819016
6.97 0 -0.09090162807955583 -0.03898367685044694
6.99 0 -0.08983833739461597 -0.039210637241983926
7.01000001 0 -0.08871025919943895 -0.03943076041656872
7.03 0 -0.08751700387652367 -0.03964388628899817
7.05 0 -0.08625830193603216 -0.03984990889524222
7.07 0 -0.08493400631559304 -0.04004863983551468
7.09 0 -0.08354410063193342 -0.040239945568107165
7.11000001 0 -0.08208870082635647 -0.040423678926822325
7.13 0 -0.08056805949794933 -0.04059967934241153
7.15 0 -0.07898256996925536 -0.04076784208140256
7.17 0 -0.07733276588950977 -0.04092798017537283
7.19 0 -0.07561932821930237 -0.04107996323796495
7.21000001 0 -0.07384308378390754 -0.04122364827259341
7.23 0 -0.07200500714755063 -0.041358879922898925
7.25 0 -0.07010622203970433 -0.041485560338223315
7.27 0 -0.06814799737956115 -0.041603509918521485
7.29 0 -0.06613175210376587 -0.04171260727682003
7.31000001 0 -0.06405904986961201 -0.04181271949090108
7.33 0 -0.061931597760208484 -0.041903702356552434
7.35 0 -0.05975124444133032 -0.04198547066815561
7.37 0 -0.05751997215519525 -0.04205785812050049
7.39 0 -0.05523989889272947 -0.0421207580133823
7.41000001 0 -0.05291326902043332 -0.042174053104635054
7.43 0 -0.05054244863853158 -0.04221761583580923
7.45 0 -0.04812992041258529 -0.042251378801551664
7.47 0 -0.045678271739553744 -0.04227519416961457
7.49 0 -0.043190194363445775 -0.0422889747015351
7.51000001 0 -0.0406684714097914 -0.04229262337557975
7.53 0 -0.038115969901656346 -0.042286033556597366
7.55 0 -0.03553563290378697 -0.0422691594202228
7.57 0 -0.0329304647960897 -0.042241875279030894
7.59 0 -0.030303529081251297 -0.04220411647859951
7.61000001 0 -0.027657933020141984 -0.0421558089772921
7.63 0 -0.024996818457528772 -0.04209686944160852
7.65 0 -0.02232335253297535 -0.04202727539263748
7.67 0 -0.01964071159791568 -0.041946924857608085
7.69 0 -0.016952078463649402 -0.04185577669633252
7.71000001 0 -0.014260626327076918 -0.04175378034871435
7.73 0 -0.0115695094646289 -0.041640875853229786
7.75 0 -0.008881854105405408 -0.041517063492643266
7.77 0 -0.006200742806689561 -0.04138226422375407
7.79 0 -0.003529212570056827 -0.041236458993975475
7.81000001 0 -8.702398688665415E-4 -0.04107961889435831
7.83 0 0.0017732672019881261 -0.0409117051194729
7.85 0 0.004398476344390885 -0.0407327379034852
7.87 0 0.007002644543813708 -0.04054265821529361
7.89 0 0.009583117861248115 -0.040341465633766366
7.91000001 0 0.01213734378241652 -0.04012914917143389
7.93 0 0.014662876381148321 -0.03990568721579172
7.95 0 0.017157380902554455 -0.03967111555959241
7.97 0 0.019618643933641107 -0.03942539088496312
7.99 0 0.02204457039264063 -0.039168526770455105
8.01000001 0 0.024433192333382855 -0.03890052547740695
8.03 0 0.02678267080865375 -0.03862137793257965
8.05 0 0.029091297136919776 -0.03833113066116119
8.07 0 0.03135749927727962 -0.0380297516264293
8.09 0 0.03357983595271789 -0.03771726393197849
8.11000001 0 0.0357570017042271 -0.03739367889030401
8.13 0 0.037887825521127405 -0.03705899612256998
8.15 0 0.03997126897701872 -0.03671326919176244
8.17 0 0.0420064290170012 -0.03635647442231694
8.19 0 0.04399252973403574 -0.035988641823884775
8.21000001 0 0.04592892409695935 -0.035609789792950965
8.23 0 0.04781508996743273 -0.035219925415179404
8.25 0 0.0496506258010557 -0.03481910856061752
8.27 0 0.05143525056039582 -0.03440732438974266
8.29 0 0.05316879403759035 -0.03398461094527715
8.31000001 0 0.05485119608605439 -0.03355099587479269
8.33 0 0.056482500955352614 -0.033106497019906436
8.35 0 0.058062851512532376 -0.03265118466371528
8.37 0 0.0595924872391169 -0.032185058542217336
8.39 0 0.06107173410823317 -0.03170817140810865
8.41000001 0 0.06250100229171626 -0.031220568203212756
8.43 0 0.06388077979849716 -0.030722286997011558
8.45 0 0.06521162618060586 -0.030213418952877477
8.47 0 0.06649416957070732 -0.02969399080474497
8.49 0 0.06772909701536066 -0.029164083468776233
8.51000001 0 0.06891715155126009 -0.028623774129952352
8.53 0 0.07005912598911229 -0.028073137534544455
8.55 0 0.07115585689783997 -0.027512303050132282
8.57 0 0.07220822146743829 -0.026941343723173618
8.59 0 0.07321712895798879 -0.02636038868453006
8.61000001 0 0.07418351782845384 -0.025769568631674167
8.63 0 0.07510835025916039 -0.02516901737234884
8.65 0 0.07599260695048064 -0.02455892509123745
8.67 0 0.07683728434729936 -0.02393943525577606
8.69 0 0.0776433875795136 -0.0233107491426159
8.71000001 0 0.07841192807390061 -0.022673075194077682
8.73 0 0.07914391914111239 -0.022026630563713002
8.75 0 0.07984037186374093 -0.021371689409219106
8.77 0 0.08050229297119034 -0.020708489055483913
8.79 0 0.08113067939242595 -0.020037324539710206
8.81000001 0 0.0817265165517904 -0.019358502332821666
8.83 0 0.08229077511969343 -0.018672341514928324
8.85 0 0.08282440805165338 -0.017979215699906792
8.87 0 0.08332834920267064 -0.017279470022388874
8.89 0 0.0838035094247626 -0.016573503325452377
8.91000001 0 0.08425077557514749 -0.015861726843618043
8.93 0 0.08467100837020988 -0.01514456465367929
8.95 0 0.08506504049260363 -0.014422487866215847
8.97 0 0.08543367589926072 -0.013695944214143243
8.99 0 0.08577768728351293 -0.01296542559128747
9.01000001 0 0.08609781571615467 -0.012231432557879496
9.03 0 0.08639476945141782 -0.011494473961140606
9.05 0 0.08666922294149954 -0.010755092413080125
9.07 0 0.08692181671848755 -0.010013808480308367
9.09 0 0.08715315599400347 -0.00927117181399745
9.11000001 0 0.08736381080157045 -0.008527732688842635
9.13 0 0.0875543155689552 -0.007784041099133825
9.15 0 0.08772516885474425 -0.007040663185152092
9.17 0 0.08787683365815564 -0.006298142055372056
9.19 0 0.08800973693075603 -0.005557031569310674
9.21000001 0 0.08812427007721914 -0.004817876298919265
9.23 0 0.08822078911357054 -0.004081210720331756
9.25 0 0.08829961495163598 -0.0033475668506645698
9.27 0 0.08836103399613772 -0.002617453309172212
9.29 0 0.08840529837504729 -0.0018913715980072516
9.31000001 0 0.08843262666987042 -0.0011698056173323858
9.33 0 0.08844320450784023 -4.5322154527346133E-4
9.35 0 0.08843718525149233 2.579327642876424E-4
9.37 0 0.08841469076533505 9.632298133417482E-4
9.39 0 0.08837581221816793 0.0016622633060013195
9.41000001 0 0.08832061094029126 0.0023546486340452807
9.43 0 0.08824911933598122 0.003040022064761816
9.45 0 0.08816134187418377 0.0037180490454890754
9.47 0 0.08805725593576777 0.004388407826771407
9.49 0 0.08793681309021058 0.005050806738437521
9.51000001 0 0.08779994000515823 0.0057049750366193995
9.53 0 0.08764653960301429 0.006350661321076548
9.55 0 0.08747649228486003 0.0069876491005123045
9.57 0 0.08728965679502573 0.007615723482154474
9.59 0 0.08708587191668465 0.008234703906336889
9.61000001 0 0.0868649573813809 0.008844426307989426
9.63 0 0.08662671522277467 0.00944474114789598
9.65 0 0.0863709311925423 0.010035535794746024
9.67 0 0.08609737559587921 0.010616686298480407
9.69 0 0.08580580537979042 0.011188104320474084
9.71000001 0 0.08549596500196319 0.011749711815724624
9.73 0 0.08516758795129264 0.01230143905917698
9.75 0 0.08482039832799382 0.012843253291267934
9.77 0 0.0844541116088644 0.01337509772187106
9.79 0 0.08406843711565014 0.013896951140126283
9.81000001 0 0.0836630788023428 0.01440879631413667
9.83 0 0.08323773691473171 0.014910618263933268
9.85 0 0.08279210970650357 0.015402438488736375
9.87 0 0.08232589408662819 0.015884243221610216
9.89 0 0.08183878845317698 0.016356054063753175
9.91000001 0 0.08133049334676473 0.016817891163048722
9.93 0 0.08080071321128418 0.017269771840943162
9.95 0 0.08024915820509114 0.01771174964471409
9.97 0 0.07967554466704713 0.01814383364047074
9.99 0 0.07907959828597672 0.018566068413581452
