0 0 1 0.18000000000000002 1.8 1.8
1 0.18000000000000002 1 0.35760000000000003 1.776 -0.024000000000000105
2 0.35760000000000003 1 0.5278320000000001 1.70232 -0.07368
3 0.5278320000000001 1 0.6866942400000001 1.5886224 -0.11369760000000009
4 0.6866942400000001 1 0.8311263168000002 1.4443207679999999 -0.14430163200000012
5 0.8311263168000002 1 0.9589597925760002 1.2783347577599997 -0.1659860102400001
6 0.9589597925760002 1 1.0688494532083201 1.0988966063231995 -0.1794381514368001
7 1.0688494532083201 1 1.1601901811495425 0.9134072794122235 -0.185489326910976
8 1.1601901811495425 1 1.2330240944650952 0.7283391331555272 -0.18506814625669635
9 1.2330240944650952 1 1.2879421979493622 0.5491810348426697 -0.17915809831285756
10 1.2879421979493622 1 1.3259843199725083 0.3804212202314606 -0.1687598146112091
11 1.3259843199725083 1 1.3485405940930073 0.22556274120498884 -0.15485847902647173
12 1.3485405940930073 1 1.3572572092726412 0.08716615179633816 -0.13839658940865068
13 1.3572572092726412 1 1.3539486158971508 -0.033085933754904956 -0.12025208555124312
14 1.3539486158971508 1 1.3405178530510693 -0.13430762846081462 -0.10122169470590965
15 1.3405178530510693 1 1.318886169040368 -0.2163168401070132 -0.08200921164619858
16 1.318886169040368 1 1.2909326525600608 -0.2795351648030715 -0.06321832469605833
17 1.2909326525600608 1 1.258444183974998 -0.32488468585062913 -0.04534952104755763
18 1.258444183974998 1 1.2230756601584445 -0.3536852381655343 -0.028800552314905165
19 1.2230756601584445 1 1.1863201451096208 -0.3675551504882374 -0.013869912322703043
20 1.1863201451096208 1 1.149488352964832 -0.3683179214478881 -7.62770959650716E-4
21 1.149488352964832 1 1.1136966790528167 -0.35791673912015465 0.01040118232773344
22 1.1136966790528167 1 1.079862855856019 -0.3383382319679765 0.019578507152178147
23 1.079862855856019 1 1.0487082204630604 -0.3115463539295858 0.026791878038390716
24 1.0487082204630604 1 1.0207655337651538 -0.27942686697906605 0.03211948695051976
25 1.0207655337651538 1 0.9963912840589786 -0.24374249706175216 0.03568436991731387
26 0.9963912840589786 1 0.9757814332869603 -0.20609850772018296 0.037643989341569206
27 0.9757814332869603 1 0.9589896171321359 -0.16791816154824366 0.03818034617193931
28 0.9589896171321359 1 0.9459468848865712 -0.13042732245564786 0.037490839092595804
29 0.9459468848865712 1 0.936482155931244 -0.09464728955327212 0.03578003290237575
30 0.936482155931244 1 0.9303426716412785 -0.061394842899654446 0.03325244665361767
31 0.9303426716412785 1 0.9272138298455695 -0.03128841795708979 0.030106424942564658
32 0.9272138298455695 1 0.9267378994238499 -0.004759304217197245 0.02652911373989254
33 0.9267378994238499 1 0.9285312215826727 0.0179332215882273 0.022692525805424545
34 0.9285312215826727 1 0.9321996087701918 0.03668387187519134 0.018750650286964043
35 0.9321996087701918 1 0.9373517496164773 0.05152140846285505 0.014837536587663711
36 0.9373517496164773 1 0.9436105168473257 0.06258767230848368 0.011066263845628633
37 0.9436105168473257 1 0.950622153488127 0.07011636640801339 0.00752869409952971
38 0.950622153488127 1 0.9580633800281643 0.07441226540037336 0.00429589899235998
39 0.9580633800281643 1 0.9656465211863511 0.07583141158186811 0.001419146181494746
40 0.9656465211863511 1 0.9731227955352193 0.07476274348868257 -0.0010686680931855427
41 0.9731227955352193 1 0.9802839448657007 0.07161149330481446 -0.0031512501838681147
42 0.9802839448657007 1 0.9869624034506389 0.06678458584938216 -0.004826907455432306
43 0.9869624034506389 1 0.9930302211443173 0.06067817693678317 -0.006106408912598982
44 0.9930302211443173 1 0.9983969595496143 0.05366738405297044 -0.007010792883812733
45 0.9983969595496143 1 1.0030067784076284 0.046098188580140656 -0.007569195472829781
46 1.0030067784076284 1 1.0068349210847116 0.038281426770830906 -0.007816761809309746
47 1.0068349210847116 1 1.0098837947276909 0.030488736429792617 -0.0077926903410382884
48 1.0098837947276909 1 1.0121788234823925 0.02295028754701651 -0.007538448882776105
49 1.0121788234823925 1 1.0137642332194172 0.015854097370246255 -0.007096190176770256
50 1.0137642332194172 1 1.0146989044993056 0.009346712798884039 -0.006507384571362218
51 1.0146989044993056 1 1.0150524079522316 0.003535034529259874 -0.005811678269624165
52 1.0150524079522316 1 1.0149013136486518 -0.001510943035798705 -0.005045977565058579
53 1.0149013136486518 1 1.0143258440811493 -0.005754695675024467 -0.004243752639225762
54 1.0143258440811493 1 1.0134069196263378 -0.009189244548115625 -0.0034345488730911583
55 1.0134069196263378 1 1.0122236262509579 -0.01183293375379961 -0.0026436892056839858
56 1.0122236262509579 1 1.0108511180943562 -0.01372508156601708 -0.0018921478122174706
57 1.0108511180943562 1 1.0093589526184141 -0.014921654759421529 -0.0011965731934044485
58 1.0093589526184141 1 1.0078098433853109 -0.015491092331032604 -5.694375716110756E-4
59 1.0078098433853109 1 1.0062588052356138 -0.015510381496970989 -1.9289165938385453E-5
60 1.0062588052356138 1 1.004752658651303 -0.015061465843109585 4.4891565386140364E-4
61 1.004752658651303 1 1.0033298542950995 -0.014228043562034083 8.334222810755022E-4
62 1.0033298542950995 1 1.0020205749634736 -0.01309279331625874 0.0011352502457753434
63 1.0020205749634736 1 1.0008470702826875 -0.011735046807862078 0.0013577465083966624
64 1.0008470702826875 1 0.9998241791955386 -0.010228910871489113 0.0015061359363729653
65 0.9998241791955386 1 0.9989599963955959 -0.008641827999427294 0.001587082872061818
66 0.9989599963955959 1 0.9982566411237767 -0.0070335527181919775 0.0016082752812353162
67 0.9982566411237767 1 0.997711089909017 -0.005455512147596182 0.0015780405705957956
68 0.997711089909017 1 0.9973160386792008 -0.0039505122981618405 0.001504999849434341
69 0.9973160386792008 1 0.9970607639734811 -0.0025527470571977853 0.0013977652409640552
70 0.9970607639734811 1 0.9969319575544149 -0.0012880641906625138 0.0012646828665352715
71 0.9969319575544149 1 0.9969145133715761 -1.744418283876675E-4 0.0011136223622748463
72 0.9969145133715761 1 0.9969922504150158 7.773704343976666E-4 9.518122627853342E-4
73 0.9969922504150158 1 0.9971485593894892 0.0015630897447333415 7.857193103356752E-4
74 0.9971485593894892 1 0.9973669652361069 0.002184058466176502 6.209687214431603E-4
75 0.9973669652361069 1 0.9976316012486487 0.002646360125417884 4.62301659241382E-4
76 0.9976316012486487 1 0.9979275938218497 0.002959925732010598 3.135656065927139E-4
77 0.9979275938218497 1 0.9982413596944151 0.0031376587256541737 1.7773299364357562E-4
78 0.9982413596944151 1 0.9985608198952632 0.003194602008481589 5.694328282741519E-5
79 0.9985608198952632 1 0.9988755364691263 0.003147165738630369 -4.743626985121986E-5
80 0.9988755364691263 1 0.9991767794628361 0.003012429937097887 -1.347358015324818E-4
81 0.9991767794628361 1 0.9994575326236044 0.002807531607682328 -2.048983294155593E-4
82 0.9994575326236044 1 0.9997124468315493 0.002549142079448634 -2.583895282336935E-4
83 0.9997124468315493 1 0.9999377505033559 0.002253036718066541 -2.96105361382093E-4
84 0.9999377505033559 1 1.000131126109291 0.0019337560593498493 -3.192806587166919E-4
85 1.000131126109291 1 1.0002915615910568 0.001604354817660052 -3.2940124168979735E-4
86 1.0002915615910568 1 1.0004191849028263 0.00127623311769413 -3.28121699965922E-4
87 1.0004191849028263 1 1.0005150891707455 9.590426791919504E-4 -3.171904385021795E-4
88 1.0005150891707455 1 1.0005811551233545 6.606595260895509E-4 -2.983831531023995E-4
89 1.0005811551233545 1 1.0006198765293715 3.8721406016960946E-4 -2.7344546591994144E-4
90 1.0006198765293715 1 1.0006341934286047 1.4316899233281387E-4 -2.440450678367956E-4
91 1.0006341934286047 1 1.0006273369900949 -6.856438509848629E-5 -2.1173337743130016E-4
92 1.0006273369900949 1 1.0006026889076587 -2.4648082436218966E-4 -1.7791643926370337E-4
93 1.0006026889076587 1 1.0005636573703582 -3.9031537300551864E-4 -1.43834548643329E-4
94 1.0005636573703582 1 1.000513570842542 -5.008652781623168E-4 -1.1054990515679819E-4
95 1.000513570842542 1 1.000455590168622 -5.798067392007566E-4 -7.894146103843978E-5
96 1.000455590168622 1 1.0003926388907314 -6.295127789073107E-4 -4.970603970655407E-5
97 1.0003926388907314 1 1.0003273511378024 -6.528775292906918E-4 -2.336475038338114E-5
98 1.0003273511378024 1 1.0002620360136785 -6.531512412378659E-4 -2.737119471740685E-7
99 1.0002620360136785 1 1.000198657077763 -6.337893591555743E-4 1.9361882082291615E-5
