0.010000022 0 -0.1 0
0.03 0 -0.0999999995 -3.9999959999951997E-10
0.05 0 -0.09999998749999045 -7.999212916138307E-4
0.07 0 -0.09999991591535745 -0.0015929700511746895
0.09 0 -0.09999969068455997 -0.0023787531145009868
0.110000022 0 -0.09999917251208623 -0.0031569043667211572
0.13 3.112611240873616 -0.09999817808496303 -0.003927081998274382
0.15 3.112611240873616 -0.09999917522927772 0.019075615118154286
0.17 3.112611240873616 -0.09996585396366374 0.0360742641982661
0.19 3.112611240873616 -0.09981938286217956 0.048152966263536295
0.210000022 3.112611240873616 -0.09943926850350937 0.057699492081122045
0.23 -0.2406453858019058 -0.09866461260449004 0.06593676642188215
0.25 -0.2406453858019058 -0.09759748196384892 0.06485846791134317
0.27 -0.2406453858019058 -0.09626771695037595 0.06377184509644962
0.29 -0.2406453858019058 -0.09470445161917584 0.06267684314236563
0.310000022 -0.2406453858019058 -0.0929358951997468 0.06157325914361233
0.33 -0.7543374356284333 -0.09098916060355683 0.060460742095252915
0.35 -0.7543374356284333 -0.08898407356967539 0.05783982501837892
0.37 -0.7543374356284333 -0.08696899764317957 0.05511845339905361
0.39 -0.7543374356284333 -0.08498694260862849 0.05227529008357716
0.410000022 -0.7543374356284333 -0.08307576657485682 0.049283632626617974
0.43 -0.5956483323438567 -0.08126844065998352 0.046110142587577785
0.45 -0.5956483323438567 -0.07955490033348567 0.0433449904814929
0.47 -0.5956483323438567 -0.07795557595408124 0.04040743505563378
0.49 -0.5956483323438567 -0.07648802134298713 0.03726700896006533
0.510000022 -0.5956483323438567 -0.07516710449930283 0.03388972918365617
0.53 -0.3616465249322983 -0.07400519856600099 0.030239830041075087
0.55 -0.3616465249322983 -0.07294836829700965 0.027645379905053325
0.57 -0.3616465249322983 -0.0720022597950326 0.0249161454371081
0.59 -0.3616465249322983 -0.07117154487983982 0.02204827346242689
0.610000022 -0.3616465249322983 -0.07045998216412759 0.019042199982531177
0.63 -0.18509288067188215 -0.06987047913421028 0.01590407764205213
0.65 -0.18509288067188215 -0.06935428950514683 0.013948608565025606
0.67 -0.18509288067188215 -0.06891235010364183 0.011962088806964595
0.69 -0.18509288067188215 -0.06854533341822554 0.009950004801268114
0.710000022 -0.18509288067188215 -0.06825366226071972 0.007918596527331897
0.73 -0.07385054201439527 -0.06803752582139577 0.005874723057744809
0.75 -0.07385054201439527 -0.06786421894676563 0.0047080680460735895
0.77 -0.07385054201439527 -0.06773363257221708 0.0035460499160928707
0.79 -0.07385054201439527 -0.06764559820760736 0.0023898496133595926
0.810000022 -0.07385054201439527 -0.06759989026255585 0.0012405971620838379
0.83 -0.009572920101790672 -0.06759622897751959 9.93670476189134E-5
0.85 -0.009572920101790672 -0.06761534212589265 -5.187596850392257E-4
0.87 -0.009572920101790672 -0.0676570370206198 -0.0011319108935298498
0.89 -0.009572920101790672 -0.06772111020805684 -0.0017400983869014233
0.910000022 -0.009572920101790672 -0.0678073478575984 -0.0023433417041344475
0.93 0.02589093850132761 -0.06791552600005422 -0.00294166488678246
0.95 0.02589093850132761 -0.06803501488173877 -0.003252928864962973
0.97 0.02589093850132761 -0.06816570636725731 -0.0035623694889660453
0.99 0.02589093850132761 -0.06830749096243365 -0.0038700713016002705
1.010000022 0.02589093850132761 -0.06846025827005005 -0.0041761142529554065
1.03 0.04508628086447323 -0.06862389679078254 -0.004480572326286756
1.05 0.04508628086447323 -0.06879272123393619 -0.0046315597610082325
1.07 0.04508628086447323 -0.0689666997094779 -0.004782584727474848
1.09 0.04508628086447323 -0.06914579982356955 -0.004933689414773127
1.110000022 0.04508628086447323 -0.06932998935759825 -0.005084910243711737
1.13 0.05552539833152248 -0.06951923602398141 -0.0052362772610559565
1.15 0.05552539833152248 -0.06971051345209106 -0.0053054390181470545
1.17 0.05552539833152248 -0.0699038361384022 -0.005375535128377788
1.19 0.05552539833152248 -0.07009921753205871 -0.005446578831756162
1.210000022 0.05552539833152248 -0.07029667085205267 -0.005518577531761741
1.23 0.06138281115664301 -0.07049620885533368 -0.005591532533879813
1.25 0.06138281115664301 -0.07069618655140691 -0.005619302655137695
1.27 0.06138281115664301 -0.07089664293975222 -0.005648419881146916
1.29 0.06138281115664301 -0.07109761547293196 -0.0056788828456437925
1.310000022 0.06138281115664301 -0.07129914093872725 -0.00571068433580982
1.33 0.0648811325407885 -0.0715012552434763 -0.005743811200670717
1.35 0.0648811325407885 -0.0717030178112724 -0.005750720522266401
1.37 0.0648811325407885 -0.07190447939045141 -0.005759158173346697
1.39 0.0648811325407885 -0.07210568889592488 -0.005769115797514334
1.410000022 0.0648811325407885 -0.07230669431369273 -0.005780579193109737
1.43 0.06717336114056051 -0.0725075424956671 -0.005793528307253807
1.45 0.06717336114056051 -0.07270764946280665 -0.005789917013522603
1.47 0.06717336114056051 -0.07290707089854559 -0.005787903773870786
1.49 0.06717336114056051 -0.07310586052118251 -0.005787476958478291
1.510000022 0.06717336114056051 -0.07330407098831361 -0.005788619108243841
1.53 0.06884782018425192 -0.07350175370012 -0.005791306972243442
1.55 0.06884782018425192 -0.07369850589605569 -0.005782355621995444
1.57 0.06884782018425192 -0.07389438470541271 -0.005775017720191747
1.59 0.06884782018425192 -0.07408944524980636 -0.005769280166355683
1.610000022 0.06884782018425192 -0.07428374153612527 -0.005765124058405497
1.63 0.07020146715928377 -0.07447732626650282 -0.005762524752320317
1.65 0.07020146715928377 -0.07466989049676191 -0.005750820537095562
1.67 0.07020146715928377 -0.07486149105998005 -0.005740718494216146
1.69 0.07020146715928377 -0.07505218278633718 -0.0057322049328755766
1.710000022 0.07020146715928377 -0.0752420193789012 -0.005725260396053165
1.73 0.07138310959278168 -0.07543105322932875 -0.005719859731767542
1.75 0.07138310959278168 -0.07561902595611811 -0.005706693193181859
1.77 0.07138310959278168 -0.07580599324485886 -0.005695104420493468
1.79 0.07138310959278168 -0.07599200880730111 -0.005685079565993392
1.810000022 0.07138310959278168 -0.07617712523718691 -0.005676599056099468
1.83 0.07246695593788274 -0.07636139383118373 -0.00566963766888629
1.85 0.07246695593788274 -0.07654458543417221 -0.005655653563310788
1.87 0.07246695593788274 -0.07672675418027561 -0.005643216363938056
1.89 0.07246695593788274 -0.07690795227114172 -0.005632312281747728
1.910000022 0.07246695593788274 -0.07708823081047994 -0.005622921845533435
1.93 0.0734899003440628 -0.07726763962996774 -0.005615019983051988
1.95 0.0734899003440628 -0.07744596826631407 -0.005600542385432353
1.97 0.0734899003440628 -0.07762326912119119 -0.005587577692897273
1.99 0.0734899003440628 -0.07779959271138809 -0.005576112284066363
2.010000022 0.0734899003440628 -0.07797498848144105 -0.005566126901537671
2.03 0.07447026070743856 -0.07814950463437097 -0.005557596735315138
2.05 0.07447026070743856 -0.07832294416005117 -0.005542790856554767
2.07 0.07447026070743856 -0.07849535765768295 -0.005529462395205171
2.09 0.07447026070743856 -0.07866679389233257 -0.005517597954068161
2.110000022 0.07447026070743856 -0.07883730058541465 -0.005507178548101462
2.13 0.07541714127850024 -0.07900692425017321 -0.005498179689434069
2.15 0.07541714127850024 -0.07917547867695679 -0.00548313221758536
2.17 0.07541714127850024 -0.07934301264784921 -0.005469526026457982
2.19 0.07541714127850024 -0.07950957316313241 -0.005457347973668827
2.210000022 0.07541714127850024 -0.0796752062095768 -0.005446579378924533
2.23 0.07633509247473186 -0.07983995660060454 -0.005437196110260523
2.25 0.07633509247473186 -0.08000364753241344 -0.0054219550274592215
2.27 0.07633509247473186 -0.08016632598318613 -0.0054081188735565335
2.29 0.07633509247473186 -0.08032803720239211 -0.0053956747786613355
2.310000022 0.07633509247473186 -0.08048882545694823 -0.0053846043865153435
2.33 0.07722642395547422 -0.0806487338760119 -0.0053748839417467765
2.35 0.07722642395547422 -0.08080759427647352 -0.005359478229594581
2.37 0.07722642395547422 -0.08096545186007237 -0.005345441113539427
2.39 0.07722642395547422 -0.08112235015321582 -0.005332760007234917
2.410000022 0.07722642395547422 -0.08127833173113883 -0.005321416891022821
2.43 0.07809235070127538 -0.08143343806727729 -0.005311388400070095
2.45 0.07809235070127538 -0.08158750910758589 -0.00529583777811786
2.47 0.07809235070127538 -0.08174058831228638 -0.00528161957342244
2.49 0.07809235070127538 -0.08189271751966017 -0.005268721490701399
2.510000022 0.07809235070127538 -0.08204393764838043 -0.005257125855856099
2.53 0.07893356006840242 -0.08219428855141458 -0.005246809704900647
2.55 0.07893356006840242 -0.08234361795221795 -0.005231129433822146
2.57 0.07893356006840242 -0.08249196760848465 -0.005216745640354176
2.59 0.07893356006840242 -0.08263937770917934 -0.0052036463257745455
2.610000022 0.07893356006840242 -0.08278588755524909 -0.00519181416842057
2.63 0.07975049194382292 -0.08293153541800097 -0.005181226613333308
2.65 0.07975049194382292 -0.08307617651264682 -0.00516542985521235
2.67 0.07975049194382292 -0.08321985093566099 -0.005150893934143161
2.69 0.07975049194382292 -0.08336259726767448 -0.005137607152171962
2.710000022 0.07975049194382292 -0.08350445323280133 -0.005125552545603736
2.73 0.08054347684547858 -0.083645455561434 -0.005114707975295454
2.75 0.08054347684547858 -0.08378546670494703 -0.005098806944798915
2.77 0.08054347684547858 -0.083924525141291 -0.005084131456407147
2.79 0.08054347684547858 -0.08406266788501596 -0.005070670116215355
2.810000022 0.08054347684547858 -0.08419993112547151 -0.005058406323045221
2.83 0.08131280369762503 -0.08433635009395908 -0.005047318359323125
2.85 0.08131280369762503 -0.08447179423566867 -0.005031324876318385
2.87 0.08131280369762503 -0.08460630045358453 -0.0050165220251077265
2.89 0.08131280369762503 -0.0847399042391872 -0.005002898718365204
2.910000022 0.08131280369762503 -0.08487264028980815 -0.00499043872117202
2.93 0.08205875277985644 -0.08500454238007435 -0.004979120742415283
2.95 0.08205875277985644 -0.08513548671210434 -0.0049630464882222045
2.97 0.08205875277985644 -0.08526550865800941 -0.004948128374537997
2.99 0.08205875277985644 -0.0853946422296557 -0.004934355622483596
3.010000022 0.08205875277985644 -0.0855229206754742 -0.004921712366422978
3.03 0.0827816114145529 -0.08565037635613011 -0.00491017774581948
3.05 0.0827816114145529 -0.08577689199587755 -0.004894034372729041
3.07 0.0827816114145529 -0.08590250148036027 -0.00487901309902953
3.09 0.0827816114145529 -0.08602723738551327 -0.0048651034555426175
3.110000022 0.0827816114145529 -0.0861511315541476 -0.004852289948264224
3.13 0.08348168108571788 -0.0862742149757737 -0.004840552150617225
3.15 0.08348168108571788 -0.08639637666284908 -0.0048243513188453765
3.17 0.08348168108571788 -0.08651764905909705 -0.004809239024074369
3.19 0.08348168108571788 -0.08663806334826965 -0.004795205107493404
3.210000022 0.08348168108571788 -0.08675765001084416 -0.00478223444843376
3.23 0.0841592802943883 -0.08687643870792632 -0.004770307056951638
3.25 0.0841592802943883 -0.08699432450689124 -0.004754060435848066
3.27 0.0841592802943883 -0.08711133845408986 -0.004738869294377248
3.29 0.0841592802943883 -0.08722751038477052 -0.00472472378419633
3.310000022 0.0841592802943883 -0.08734286946023967 -0.004711609159045489
3.33 0.08481474528562677 -0.08745744405576875 -0.00469950586759854
3.35 0.08481474528562677 -0.08757113506127208 -0.0046832251194420145
3.37 0.08481474528562677 -0.0876839721701546 -0.004667967322747586
3.39 0.08481474528562677 -0.08779598391265529 -0.004653722939190489
3.410000022 0.08481474528562677 -0.08790719817383892 -0.004640477597381249
3.43 0.085448429708399 -0.0880176420854278 -0.004628212185917382
3.45 0.085448429708399 -0.0881272221288749 -0.004611908941471304
3.47 0.085448429708399 -0.08823596668883399 -0.004596596671639672
3.49 0.085448429708399 -0.0883439030337406 -0.004582266147133255
3.510000022 0.085448429708399 -0.08845105781501457 -0.004568903371295629
3.53 0.08606070373822661 -0.08855745696273595 -0.004556489673292294
3.55 0.08606070373822661 -0.08866301232082326 -0.004540175503746868
3.57 0.08606070373822661 -0.08876775100904247 -0.004524820903403855
3.59 0.08606070373822661 -0.08887169907684916 -0.004510416950510939
3.610000022 0.08606070373822661 -0.0889748819841939 -0.0044969500224265714
3.63 0.08665195292922512 -0.08907732450095945 -0.004484401888881554
3.65 0.08665195292922512 -0.08917894360694897 -0.004468088276552283
3.67 0.08665195292922512 -0.08927976520048074 -0.004452703417573787
3.69 0.08665195292922512 -0.08937981415438645 -0.004438238695734809
3.710000022 0.08665195292922512 -0.08947911477882127 -0.004424680861126776
3.73 0.08722257693162329 -0.08957769072437836 -0.004412012123413538
3.75 0.08722257693162329 -0.0896754638832046 -0.004395710432440124
3.77 0.08722257693162329 -0.08977245897510389 -0.004380307284686745
3.79 0.08722257693162329 -0.0898686997380948 -0.004365794367009878
3.810000022 0.08722257693162329 -0.08996420937363636 -0.004352158800408039
3.83 0.08777298814594384 -0.09005901045333453 -0.004339383233235694
3.85 0.08777298814594384 -0.09015302956169428 -0.004323104680957865
3.87 0.08777298814594384 -0.09024629028235531 -0.004307695081714144
3.89 0.08777298814594384 -0.09033881525971817 -0.0042931464224997915
3.910000022 0.08777298814594384 -0.09043062662700468 -0.004279446192871431
3.93 0.08830361035267531 -0.09052174591646972 -0.004266577478042084
3.95 0.08830361035267531 -0.09061210418902078 -0.00425033310744284
3.97 0.08830361035267531 -0.09070172393383137 -0.004234928731957787
3.99 0.08830361035267531 -0.09079062674220006 -0.004220356635358595
4.010000022 0.08830361035267531 -0.09087883371887098 -0.004206604672910515
4.03 0.08881487733997595 -0.09096636539566355 -0.00419365636428622
4.05 0.08881487733997595 -0.09105315709839312 -0.004177457017742253
4.07 0.08881487733997595 -0.09113923026275056 -0.004162069351116901
4.09 0.08881487733997595 -0.09122460546671288 -0.0041474859411862255
4.110000022 0.08881487733997595 -0.09130930282555419 -0.0041336950055985144
4.13 0.08930723154365013 -0.09139334190880549 -0.004120680495544073
4.15 0.08930723154365013 -0.09147666210054162 -0.004104536790041039
4.17 0.08930723154365013 -0.09155928382318457 -0.0040891771006280565
4.19 0.08930723154365013 -0.0916412266803842 -0.004074594292928902
4.210000022 0.08930723154365013 -0.09172250983615438 -0.00406077694319701
4.23 0.08978112270925215 -0.09180315193507438 -0.0040477094306816805
4.25 0.08978112270925215 -0.09188309621801588 -0.004031631734606434
4.27 0.08978112270925215 -0.09196236213352693 -0.004016311049039035
4.29 0.08978112270925215 -0.09204096834909488 -0.004001740523935075
4.310000022 0.08978112270925215 -0.09211893311484504 -0.003987909089950059
4.33 0.09023700658376706 -0.09219627418689506 -0.0039748015504422985
4.35 0.09023700658376706 -0.09227293846693115 -0.003958799962029778
4.37 0.09023700658376706 -0.09234894446816089 -0.003943529041965034
4.39 0.09023700658376706 -0.09242430995920582 -0.0039289822196862025
4.410000022 0.09023700658376706 -0.09249905231280188 -0.003915148775648542
4.43 0.09067534364284238 -0.09257318843221826 -0.003902013932906628
4.45 0.09067534364284238 -0.09264666868970389 -0.003886098260401294
4.47 0.09067534364284238 -0.09271951070076107 -0.0038708875810408577
4.49 0.09067534364284238 -0.0927917313715421 -0.0038563755985898856
4.510000022 0.09067534364284238 -0.09286334723299142 -0.0038425519383297694
4.53 0.09109659785855623 -0.09293437437024027 -0.0038294022381632066
4.55 0.09109659785855623 -0.09300476644178697 -0.003813581981732643
4.57 0.09109659785855623 -0.09307454020213428 -0.003798441712164439
4.59 0.09109659785855623 -0.09314371173043488 -0.003783975402113565
4.610000022 0.09109659785855623 -0.09321229675051429 -0.003770173016369817
4.63 0.09150123551195356 -0.09328031056315358 -0.0037570206024298333
4.65 0.09150123551195356 -0.09334770993489193 -0.003741304937856812
4.67 0.09150123551195356 -0.09341451079498345 -0.003726244923247036
4.69 0.09150123551195356 -0.09348072843010188 -0.003711834794456409
4.710000022 0.09150123551195356 -0.09354637779068244 -0.0036980648501493724
4.73 0.09188972405395149 -0.09361147342600488 -0.003684921541785541
4.75 0.09188972405395149 -0.09367597503867359 -0.003669319305947768
4.77 0.09188972405395149 -0.09373989776746922 -0.0036543490515957918
4.79 0.09188972405395149 -0.09380325614014154 -0.0036400052718700104
4.810000022 0.09188972405395149 -0.0938660643665056 -0.003626278593387651
4.83 0.09226253101762934 -0.0939283362762384 -0.00361315586559279
4.85 0.09226253101762934 -0.09399003434235725 -0.0035976755437293543
4.87 0.09226253101762934 -0.09405117294695339 -0.00358280420098597
4.89 0.09226253101762934 -0.09411176589142911 -0.0035685365816713554
4.910000022 0.09226253101762934 -0.09417182667678095 -0.0035548636341735792
4.93 0.09262012298440073 -0.09423136844402384 -0.0035417725996237086
4.95 0.09262012298440073 -0.09429035627731536 -0.003526422314372949
4.97 0.09262012298440073 -0.09434880383483868 -0.003511658668410556
4.99 0.09262012298440073 -0.09440672422323851 -0.003497476650922815
5.010000056 0.09262012298440073 -0.09446413026551995 -0.0034838675256539005
5.03 0.09296296460602879 -0.09452103444401466 -0.0034708130405972934
5.05 0.09296296460602879 -0.09457740420590481 -0.0034556064419398245
5.07 0.09296296460602879 -0.0946332527085329 -0.003440958900426966
5.09 0.09296296460602879 -0.09468859229831592 -0.003426871543777043
5.11000001 0.09296296460602879 -0.0947434351501178 -0.0034133359444694458
5.13 0.09296296460602879 -0.09479779311660412 -0.00340034213984604
5.15 0.09296296460602879 -0.09485167770883252 -0.0033878871060254202
5.17 0.09296296460602879 -0.09490510021065117 -0.003375957784642257
5.19 0.09296296460602879 -0.0949580715242984 -0.003364548064222556
5.21000001 0.09296296460602879 -0.09501060228486556 -0.003353650276756193
5.23 0.09296296460602879 -0.09506270283975585 -0.00334325523017224
5.25 0.09296296460602879 -0.09511438322930593 -0.003333360542459367
5.27 0.09296296460602879 -0.09516565329569174 -0.0033239539469263196
5.29 0.09296296460602879 -0.09521652253416583 -0.003315029997850924
5.31000001 0.09296296460602879 -0.09526700020211165 -0.0033065817043539275
5.33 0.09296296460602879 -0.09531709529865436 -0.003298600558108924
5.35 0.09296296460602879 -0.09536681654535044 -0.0032910847583026534
5.37 0.09296296460602879 -0.09541617249024903 -0.0032840227341146607
5.39 0.09296296460602879 -0.09546517136417759 -0.003277409635781365
5.41000001 0.09296296460602879 -0.09551382118502486 -0.0032712390751858662
5.43 0.09296296460602879 -0.09556212973752078 -0.003265503149152412
5.45 0.09296296460602879 -0.09561010455402269 -0.0032602005837481505
5.47 0.09296296460602879 -0.09565775301429176 -0.003255320416948094
5.49 0.09296296460602879 -0.09570508220631196 -0.003250858332004397
5.51000001 0.09296296460602879 -0.09575209902635212 -0.003246808476293896
5.53 0.09296296460602879 -0.0957988101589275 -0.0032431634805192952
5.55 0.09296296460602879 -0.09584522205770482 -0.003239922548902037
5.57 0.09296296460602879 -0.09589134104147551 -0.0032370752489055666
5.59 0.09296296460602879 -0.09593717315906168 -0.003234617739908834
5.61000001 0.09296296460602879 -0.0959827242856312 -0.0032325446438009296
5.63 0.09296296460602879 -0.09602800010284997 -0.0032308490603865665
5.65 0.09296296460602879 -0.09607300607992494 -0.003229530628224315
5.67 0.09296296460602879 -0.09611774756618605 -0.0032285793718775063
5.69 0.09296296460602879 -0.09616222965969709 -0.003227991875308299
5.71000001 0.09296296460602879 -0.09620645730022936 -0.0032277631795008476
5.73 0.09296296460602879 -0.09625043524961234 -0.0032278867943485376
5.75 0.09296296460602879 -0.09629416807293215 -0.003228362753236516
5.77 0.09296296460602879 -0.09633766022807166 -0.0032291814716027753
5.79 0.09296296460602879 -0.09638091593770434 -0.0032303399111671452
5.81000001 0.09296296460602879 -0.0964239392792704 -0.0032318334815190576
5.83 0.09296296460602879 -0.0964667341655343 -0.003233656048742957
5.85 0.09296296460602879 -0.096509304325955 -0.0032358080053148993
5.87 0.09296296460602879 -0.09655165339347836 -0.003238280096819017
5.89 0.09296296460602879 -0.09659378477964776 -0.0032410696200752417
5.91000001 0.09296296460602879 -0.09663570176187232 -0.0032441723071534316
5.93 0.09296296460602879 -0.09667740746420016 -0.0032475823309780455
5.95 0.09296296460602879 -0.09671890483887788 -0.003251300410687156
5.97 0.09296296460602879 -0.0967601967506388 -0.003255317566196907
5.99 0.09296296460602879 -0.09680128585471715 -0.0032596313904527732
6.01000001 0.09296296460602879 -0.09684217468164795 -0.003264237895753426
6.03 0.09296296460602879 -0.0968828656182673 -0.00326913151655999
6.05 0.09296296460602879 -0.09692336088948014 -0.003274313269144723
6.07 0.09296296460602879 -0.09696366264024159 -0.0032797743963421757
6.09 0.09296296460602879 -0.09700377281631228 -0.003285512751510219
6.11000001 0.09296296460602879 -0.09704369324678364 -0.003291524588368992
6.13 0.09296296460602879 -0.09708342562531946 -0.003297804561227026
6.15 0.09296296460602879 -0.09712297149215349 -0.003304353956506984
6.17 0.09296296460602879 -0.09716233231391898 -0.00331116419250601
6.19 0.09296296460602879 -0.09720150936703055 -0.003318233350176021
6.21000001 0.09296296460602879 -0.09724050381808697 -0.0033255578889233245
6.23 0.09296296460602879 -0.09727931670537175 -0.003333132644452174
6.25 0.09296296460602879 -0.09731794892110524 -0.0033409591485888566
6.27 0.09296296460602879 -0.09735640128923839 -0.003349028951210751
6.29 0.09296296460602879 -0.09739467445139259 -0.0033573403306241143
6.31000001 0.09296296460602879 -0.09743276894525361 -0.0033658899189372275
6.33 0.09296296460602879 -0.0974706851863526 -0.003374672697712461
6.35 0.09296296460602879 -0.09750842345060116 -0.003383690421406122
6.37 0.09296296460602879 -0.09754598395012937 -0.0033929347308378666
6.39 0.09296296460602879 -0.09758336672175888 -0.0034024040737359595
6.41000001 0.09296296460602879 -0.09762057170346573 -0.003412095224403795
6.43 0.09296296460602879 -0.0976575987164678 -0.0034220032773632303
6.45 0.09296296460602879 -0.09769444744807539 -0.003432130188672885
6.47 0.09296296460602879 -0.09773111752561933 -0.003442467652423464
6.49 0.09296296460602879 -0.09776760840747568 -0.0034530142599108714
6.51000001 0.09296296460602879 -0.09780391945764134 -0.003463766899372149
6.53 0.09296296460602879 -0.09784004992815853 -0.0034747207477958154
6.55 0.09296296460602879 -0.09787599894231802 -0.0034858779433736423
6.57 0.09296296460602879 -0.09791176556669134 -0.0034972301985273166
6.59 0.09296296460602879 -0.09794734870476651 -0.003508776224152156
6.61000001 0.09296296460602879 -0.09798274716964865 -0.0035205129962101148
6.63 0.09296296460602879 -0.09801795966685718 -0.0035324357458774848
6.65 0.09296296460602879 -0.09805298477792342 -0.003544546775408933
6.67 0.09296296460602879 -0.09808782103051089 -0.003556837783158099
6.69 0.09296296460602879 -0.09812246679476117 -0.0035693075773795993
6.71000001 0.09296296460602879 -0.098156920354102 -0.003581953197446748
6.73 0.09296296460602879 -0.09819117988845794 -0.0035947699025021362
6.75 0.09296296460602879 -0.0982252434582887 -0.0036077601420640487
6.77 0.09296296460602879 -0.09825910907275315 -0.0036209155704064614
6.79 0.09296296460602879 -0.09829277458890313 -0.003634235072505246
6.81000001 0.09296296460602879 -0.09832623778055288 -0.003647715728601504
6.83 0.09296296460602879 -0.09835949632194882 -0.003661352801517196
6.85 0.09296296460602879 -0.09839254777230066 -0.003675148872405294
6.87 0.09296296460602879 -0.09842538964191683 -0.0036890955237169924
6.89 0.09296296460602879 -0.09845801929442166 -0.003703191698016332
6.91000001 0.09296296460602879 -0.09849043401361282 -0.0037174344955435727
6.93 0.09296296460602879 -0.09852263098764137 -0.003731819160356145
6.95 0.09296296460602879 -0.09855460729409206 -0.0037463483907045915
6.97 0.09296296460602879 -0.09858635996399227 -0.003761013671659514
6.99 0.09296296460602879 -0.09861788588726428 -0.003775813985673673
7.01000001 0.09296296460602879 -0.09864918187747095 -0.0037907464337250804
7.03 0.09296296460602879 -0.09868024465656253 -0.0038058062204411494
7.05 0.09296296460602879 -0.09871107084056756 -0.0038209961476744782
7.07 0.09296296460602879 -0.09874165700135253 -0.0038363075796838076
7.09 0.09296296460602879 -0.09877199957555537 -0.003851739522499678
7.11000001 0.09296296460602879 -0.0988020949270953 -0.0038672890601416615
7.13 0.09296296460602879 -0.09883193933254739 -0.0038829513388835527
7.15 0.09296296460602879 -0.09886152896751045 -0.003898729251691625
7.17 0.09296296460602879 -0.09889085996597065 -0.003914614020682026
7.19 0.09296296460602879 -0.09891992833299589 -0.003930604660517166
7.21000001 0.09296296460602879 -0.09894873000486161 -0.0039466982221085176
7.23 0.09296296460602879 -0.09897726083511926 -0.003962889776180591
7.25 0.09296296460602879 -0.09900551658171161 -0.003979182295320382
7.27 0.09296296460602879 -0.09903349296377102 -0.0039955668402683045
7.29 0.09296296460602879 -0.09906118557838614 -0.004012042420735248
7.31000001 0.09296296460602879 -0.09908858995817255 -0.004028606039924349
7.33 0.09296296460602879 -0.09911570155810549 -0.004045252677552082
7.35 0.09296296460602879 -0.09914251574345767 -0.0040619853753343415
7.37 0.09296296460602879 -0.09916902784384084 -0.0040787950155206
7.39 0.09296296460602879 -0.09919523307438599 -0.004095680590666436
7.41000001 0.09296296460602879 -0.0992211265905663 -0.004112639043238417
7.43 0.09296296460602879 -0.09924670347586839 -0.004129665248252585
7.45 0.09296296460602879 -0.09927195873063109 -0.00414676230708287
7.47 0.09296296460602879 -0.09929688732311853 -0.004163920908534123
7.49 0.09296296460602879 -0.09932148411548321 -0.0041811400172159195
7.51000001 0.09296296460602879 -0.09934574391562728 -0.004198416503442473
7.53 0.09296296460602879 -0.09936966146579067 -0.0042157451256492375
7.55 0.09296296460602879 -0.09939323143237211 -0.004233129036457957
7.57 0.09296296460602879 -0.09941644845380278 -0.004250558718494225
7.59 0.09296296460602879 -0.09943930707168658 -0.0042680330990945295
7.61000001 0.09296296460602879 -0.09946180177946681 -0.004285548966673163
7.63 0.09296296460602879 -0.09948392701201203 -0.004303100953081045
7.65 0.09296296460602879 -0.09950567713650318 -0.0043206922548855616
7.67 0.09296296460602879 -0.0995270464968585 -0.0043383131380963
7.69 0.09296296460602879 -0.09954802935046847 -0.004355962484975414
7.71000001 0.09296296460602879 -0.09956861991341644 -0.00437363699402785
7.73 0.09296296460602879 -0.09958881235114501 -0.004391331162468423
7.75 0.09296296460602879 -0.09960860077049524 -0.004409048224677372
7.77 0.09296296460602879 -0.09962797926041636 -0.004426778221999564
7.79 0.09296296460602879 -0.0996469418347328 -0.004444519985421865
7.81000001 0.09296296460602879 -0.09966548247365031 -0.004462270117349439
7.83 0.09296296460602879 -0.09968359511558732 -0.0044800229743497365
7.85 0.09296296460602879 -0.09970127365045228 -0.004497781823722603
7.87 0.09296296460602879 -0.09971851195635713 -0.004515536476588758
7.89 0.09296296460602879 -0.09973530384886994 -0.004533285708142386
7.91000001 0.09296296460602879 -0.09975164311852273 -0.004551026020407356
7.93 0.09296296460602879 -0.09976752352389245 -0.004568751625430016
7.95 0.09296296460602879 -0.09978293878620274 -0.004586465819850494
7.97 0.09296296460602879 -0.09979788262174595 -0.0046041581816075455
7.99 0.09296296460602879 -0.0998123486980881 -0.0046218274273575975
8.01000001 0.09296296460602879 -0.09982633066728067 -0.0046394699564664445
8.03 0.09296296460602879 -0.09983982216027533 -0.004657079834824303
8.05 0.09296296460602879 -0.09985281678293469 -0.004674660386231189
8.07 0.09296296460602879 -0.09986530814385668 -0.0046922009551983845
8.09 0.09296296460602879 -0.09987728981800643 -0.004709700198966532
8.11000001 0.09296296460602879 -0.09988875537532294 -0.004727154414070571
8.13 0.09296296460602879 -0.0998996983765497 -0.004744557520954511
8.15 0.09296296460602879 -0.09991011237073655 -0.004761912869875469
8.17 0.09296296460602879 -0.09991999091815057 -0.004779209574504834
8.19 0.09296296460602879 -0.09992932756181383 -0.004796446233748811
8.21000001 0.09296296460602879 -0.0999381158511858 -0.004813619043341935
8.23 0.09296296460602879 -0.09994634933948925 -0.004830721781441046
8.25 0.09296296460602879 -0.09995402158278141 -0.004847757825617854
8.27 0.09296296460602879 -0.09996112615762866 -0.004864716064237862
8.29 0.09296296460602879 -0.09996765664102775 -0.004881595041005215
8.31000001 0.09296296460602879 -0.09997360662883788 -0.0048983908551836946
8.33 0.09296296460602879 -0.09997896973467697 -0.004915097148350298
8.35 0.09296296460602879 -0.09998373959063511 -0.004931717327889771
8.37 0.09296296460602879 -0.09998790985938574 -0.004948240065447256
8.39 0.09296296460602879 -0.099991474222962 -0.004964663854794719
8.41000001 0.09296296460602879 -0.09999442639560784 -0.00498098470544304
8.43 0.09296296460602879 -0.09999676012431372 -0.004997196130738547
8.45 0.09296296460602879 -0.09999846919123921 -0.005013301572084463
8.47 0.09296296460602879 -0.09999954741993206 -0.005029289496144845
8.49 0.09296296460602879 -0.099999988673419 -0.005045158354241283
8.51000001 0.09296296460602879 -0.0999997868611436 -0.0050609040753161055
8.53 0.09296296460602879 -0.09999893594120424 -0.005076520055555643
8.55 0.09296296460602879 -0.09999742992454407 -0.005092009776355454
8.57 0.09296296460602879 -0.09999526287495156 -0.005107361514372991
8.59 0.09296296460602879 -0.09999242891690696 -0.0051225736882363265
8.61000001 0.09296296460602879 -0.09998892223627678 -0.005137642158033836
8.63 0.09296296460602879 -0.099984737084308 -0.005152560216649716
8.65 0.09296296460602879 -0.09997986778363484 -0.005167331393254541
8.67 0.09296296460602879 -0.09997430872173974 -0.00518194379277806
8.69 0.09296296460602879 -0.09996805436897234 -0.0051963958132304755
8.71000001 0.09296296460602879 -0.09996109927267594 -0.005210683260136038
8.73 0.09296296460602879 -0.09995343806298237 -0.005224799339765346
8.75 0.09296296460602879 -0.09994506546067464 -0.005238747638684114
8.77 0.09296296460602879 -0.09993597626379633 -0.005252516111717171
8.79 0.09296296460602879 -0.09992616537622974 -0.005266103150675909
8.81000001 0.09296296460602879 -0.09991562779493855 -0.005279504523407818
8.83 0.09296296460602879 -0.09990435861759767 -0.005292713369108004
8.85 0.09296296460602879 -0.09989235305233851 -0.005305733343201962
8.87 0.09296296460602879 -0.09987960639720898 -0.005318552275387666
8.89 0.09296296460602879 -0.09986611407965953 -0.005331168568039854
8.91000001 0.09296296460602879 -0.09985187163660068 -0.005343577970809529
8.93 0.09296296460602879 -0.0998368747238898 -0.005355773578196778
8.95 0.09296296460602879 -0.09982111912797337 -0.005367759127770407
8.97 0.09296296460602879 -0.09980460073791758 -0.005379522352421297
8.99 0.09296296460602879 -0.09978731559610757 -0.005391061684160919
9.01000001 0.09296296460602879 -0.09976925987083646 -0.005402372876481701
9.03 0.09296296460602879 -0.0997504298676587 -0.005413449004369216
9.05 0.09296296460602879 -0.09973082204292975 -0.005424293902590541
9.07 0.09296296460602879 -0.09971043296815035 -0.005434895238833771
9.09 0.09296296460602879 -0.09968925939213387 -0.005445251496069683
9.11000001 0.09296296460602879 -0.09966729820586706 -0.005455358456157785
9.13 0.09296296460602879 -0.09964454645572585 -0.005465209202473365
9.15 0.09296296460602879 -0.09962100135889869 -0.0054748076837210025
9.17 0.09296296460602879 -0.09959666025981573 -0.005484141537184696
9.19 0.09296296460602879 -0.09957152070398238 -0.005493209320265641
9.21000001 0.09296296460602879 -0.0995455803948806 -0.005502006870095783
9.23 0.09296296460602879 -0.09951883720902917 -0.005510527308949409
9.25 0.09296296460602879 -0.09949128921326222 -0.005518774717776844
9.27 0.09296296460602879 -0.09946293461304749 -0.005526736741309655
9.29 0.09296296460602879 -0.0994337718381222 -0.005534412036861595
9.31000001 0.09296296460602879 -0.09940379949123719 -0.005541796525973181
9.33 0.09296296460602879 -0.09937301636502971 -0.00554888340276996
9.35 0.09296296460602879 -0.09934142146111359 -0.005555676900172521
9.37 0.09296296460602879 -0.09930901393012972 -0.005562164711075604
9.39 0.09296296460602879 -0.09927579316925206 -0.0055683456200196465
9.41000001 0.09296296460602879 -0.09924175876261626 -0.005574215664127814
9.43 0.09296296460602879 -0.09920691049995921 -0.005579768144566851
9.45 0.09296296460602879 -0.09917124839746225 -0.005585007467168031
9.47 0.09296296460602879 -0.09913477262942139 -0.005589921416337854
9.49 0.09296296460602879 -0.09909748363761789 -0.005594508932763989
9.51000001 0.09296296460602879 -0.09905938206331852 -0.005598766202125538
9.53 0.09296296460602879 -0.09902046876762151 -0.005602686669802711
9.55 0.09296296460602879 -0.09898074485398084 -0.005606274936459701
9.57 0.09296296460602879 -0.09894021159143251 -0.005609518923705772
9.59 0.09296296460602879 -0.09889887053574736 -0.005612417758634639
9.61000001 0.09296296460602879 -0.09885672345293972 -0.005614967809968426
9.63 0.09296296460602879 -0.09881377234124744 -0.005617162706153176
9.65 0.09296296460602879 -0.09877001945525066 -0.005619007265306423
9.67 0.09296296460602879 -0.09872546722064607 -0.005620489593937857
9.69 0.09296296460602879 -0.09868011836701795 -0.005621609036828191
9.71000001 0.09296296460602879 -0.09863397584284865 -0.0056223621814097974
9.73 0.09296296460602879 -0.09858704283904714 -0.005622742879373241
9.75 0.09296296460602879 -0.09853932281456412 -0.005622756189290092
9.77 0.09296296460602879 -0.09849081940276533 -0.005622390451878609
9.79 0.09296296460602879 -0.09844153655557368 -0.005621645261549938
9.81000001 0.09296296460602879 -0.09839147845003506 -0.005620517460914168
9.83 0.09296296460602879 -0.09834064951329963 -0.0056190011660085856
9.85 0.09296296460602879 -0.09828905444962346 -0.005617101698880681
9.87 0.09296296460602879 -0.09823669813845676 -0.005614807684927576
9.89 0.09296296460602879 -0.09818358578962397 -0.005612119000393767
9.91000001 0.09296296460602879 -0.0981297228415642 -0.0056090327799085795
9.93 0.09296296460602879 -0.09807511498765968 -0.005605543445434401
9.95 0.09296296460602879 -0.0980197682045047 -0.00560165660513315
9.97 0.09296296460602879 -0.09796368864189291 -0.005597361220221794
9.99 0.09296296460602879 -0.09790688278861598 -0.0055926574807931805
