0 0 1 0 0 0
0 0 1 0.11000000000000001 1.1 1.1
0 0 1 0.23000000000000004 1.2000000000000002 0.1
0 0 1 0.3600000000000001 1.3000000000000003 0.1
0 0 1 0.5000000000000001 1.4000000000000004 0.1
0 0 1 0.6500000000000001 1.5000000000000004 0.1
0 0 1 0.8100000000000002 1.6000000000000005 0.1
0 0 1 0.9800000000000002 1.7000000000000006 0.1
0 0 1 1.1600000000000004 1.8000000000000007 0.1
0 0 1 1.3500000000000005 1.9000000000000008 0.1
1 1.5500000000000007 1 1.5500000000000007 2.000000000000001 0.1
1 1.5500000000000007 1 1.5895000000000008 0.395 -1.6050000000000009
1 1.5500000000000007 1 1.6235000000000008 0.33999999999999997 -0.05500000000000008
1 1.5500000000000007 1 1.6520000000000008 0.2849999999999999 -0.05500000000000008
1 1.5500000000000007 1 1.6750000000000007 0.22999999999999984 -0.05500000000000008
1 1.5500000000000007 1 1.6925000000000008 0.17499999999999977 -0.05500000000000008
1 1.5500000000000007 1 1.7045000000000008 0.11999999999999969 -0.05500000000000008
1 1.5500000000000007 1 1.7110000000000007 0.06499999999999961 -0.05500000000000008
1 1.5500000000000007 1 1.7120000000000006 0.009999999999999537 -0.05500000000000008
1 1.5500000000000007 1 1.7075000000000007 -0.04500000000000054 -0.05500000000000008
2 1.6975000000000007 1 1.6975000000000007 -0.10000000000000062 -0.05500000000000008
2 1.6975000000000007 1 1.6657750000000007 -0.3172500000000007 -0.21725000000000005
2 1.6975000000000007 1 1.6270750000000005 -0.3870000000000008 -0.06975000000000008
2 1.6975000000000007 1 1.5814000000000004 -0.4567500000000009 -0.06975000000000008
2 1.6975000000000007 1 1.5287500000000003 -0.526500000000001 -0.06975000000000008
2 1.6975000000000007 1 1.4691250000000002 -0.5962500000000011 -0.06975000000000008
2 1.6975000000000007 1 1.402525 -0.6660000000000011 -0.06975000000000008
2 1.6975000000000007 1 1.3289499999999999 -0.7357500000000012 -0.06975000000000008
2 1.6975000000000007 1 1.2483999999999997 -0.8055000000000013 -0.06975000000000008
2 1.6975000000000007 1 1.1608749999999997 -0.8752500000000014 -0.06975000000000008
3 1.0663749999999994 1 1.0663749999999994 -0.9450000000000015 -0.06975000000000008
3 1.0663749999999994 1 1.0343237499999993 -0.3205125000000002 0.6244875000000013
3 1.0663749999999994 1 1.0016087499999993 -0.32715000000000016 -0.006637499999999941
3 1.0663749999999994 1 0.9682299999999993 -0.3337875000000001 -0.006637499999999941
3 1.0663749999999994 1 0.9341874999999993 -0.3404250000000001 -0.006637499999999941
3 1.0663749999999994 1 0.8994812499999992 -0.34706250000000005 -0.006637499999999941
3 1.0663749999999994 1 0.8641112499999992 -0.3537 -0.006637499999999941
3 1.0663749999999994 1 0.8280774999999992 -0.3603375 -0.006637499999999941
3 1.0663749999999994 1 0.7913799999999993 -0.36697499999999994 -0.006637499999999941
3 1.0663749999999994 1 0.7540187499999993 -0.3736124999999999 -0.006637499999999941
4 0.7159937499999993 1 0.7159937499999993 -0.38024999999999987 -0.006637499999999941
4 0.7159937499999993 1 0.7158469374999994 -0.0014681249999997092 0.37878187500000016
4 0.7159937499999993 1 0.7185401874999995 0.02693250000000036 0.028400625000000068
4 0.7159937499999993 1 0.7240734999999995 0.05533312500000043 0.028400625000000068
4 0.7159937499999993 1 0.7324468749999995 0.0837337500000005 0.028400625000000068
4 0.7159937499999993 1 0.7436603124999995 0.11213437500000056 0.028400625000000068
4 0.7159937499999993 1 0.7577138124999996 0.14053500000000063 0.028400625000000068
4 0.7159937499999993 1 0.7746073749999997 0.1689356250000007 0.028400625000000068
4 0.7159937499999993 1 0.7943409999999997 0.19733625000000077 0.028400625000000068
4 0.7159937499999993 1 0.8169146874999998 0.22573687500000084 0.028400625000000068
5 0.8423284375 1 0.8423284375 0.2541375000000009 0.028400625000000068
5 0.8423284375 1 0.856685434375 0.14356996875000025 -0.11056753125000066
5 0.8423284375 1 0.872619146875 0.15933712500000025 0.015767156250000004
5 0.8423284375 1 0.890129575 0.17510428125000024 0.015767156250000004
5 0.8423284375 1 0.90921671875 0.19087143750000024 0.015767156250000004
5 0.8423284375 1 0.929880578125 0.20663859375000024 0.015767156250000004
5 0.8423284375 1 0.952121153125 0.22240575000000024 0.015767156250000004
5 0.8423284375 1 0.97593844375 0.23817290625000023 0.015767156250000004
5 0.8423284375 1 1.00133245 0.25394006250000023 0.015767156250000004
5 0.8423284375 1 1.028303171875 0.26970721875000025 0.015767156250000004
6 1.056850609375 1 1.056850609375 0.2854743750000003 0.015767156250000004
6 1.056850609375 1 1.06337732359375 0.06526714218750015 -0.22020723281250013
6 1.056850609375 1 1.06933553171875 0.05958208125000015 -0.005685060937500009
6 1.056850609375 1 1.0747252337500002 0.05389702031250014 -0.005685060937500009
6 1.056850609375 1 1.0795464296875001 0.048211959375000134 -0.005685060937500009
6 1.056850609375 1 1.0837991195312502 0.04252689843750013 -0.005685060937500009
6 1.056850609375 1 1.08748330328125 0.03684183750000012 -0.005685060937500009
6 1.056850609375 1 1.0905989809375 0.031156776562500113 -0.005685060937500009
6 1.056850609375 1 1.0931461525000001 0.025471715625000106 -0.005685060937500009
6 1.056850609375 1 1.09512481796875 0.0197866546875001 -0.005685060937500009
7 1.09653497734375 1 1.09653497734375 0.01410159375000009 -0.005685060937500009
7 1.09653497734375 1 1.0930113501484375 -0.03523627195312488 -0.04933786570312497
7 1.09653497734375 1 1.0885223731796876 -0.044889769687499886 -0.009653497734375006
7 1.09653497734375 1 1.0830680464375 -0.05454326742187489 -0.009653497734375006
7 1.09653497734375 1 1.076648369921875 -0.06419676515624989 -0.009653497734375006
7 1.09653497734375 1 1.0692633436328125 -0.0738502628906249 -0.009653497734375006
7 1.09653497734375 1 1.0609129675703126 -0.0835037606249999 -0.009653497734375006
7 1.09653497734375 1 1.051597241734375 -0.0931572583593749 -0.009653497734375006
7 1.09653497734375 1 1.041316166125 -0.1028107560937499 -0.009653497734375006
7 1.09653497734375 1 1.0300697407421877 -0.1124642538281249 -0.009653497734375006
8 1.0178579655859377 1 1.0178579655859377 -0.1221177515624999 -0.009653497734375006
8 1.0178579655859377 1 1.0133353119496096 -0.04522653636328128 0.07689121519921863
8 1.0178579655859377 1 1.0086340786574222 -0.047012332921875045 -0.0017857965585937664
8 1.0178579655859377 1 1.0037542657093752 -0.04879812948046881 -0.0017857965585937664
8 1.0178579655859377 1 0.9986958731054689 -0.05058392603906258 -0.0017857965585937664
8 1.0178579655859377 1 0.9934589008457033 -0.05236972259765635 -0.0017857965585937664
8 1.0178579655859377 1 0.9880433489300783 -0.054155519156250116 -0.0017857965585937664
8 1.0178579655859377 1 0.9824492173585939 -0.055941315714843884 -0.0017857965585937664
8 1.0178579655859377 1 0.9766765061312501 -0.05772711227343765 -0.0017857965585937664
8 1.0178579655859377 1 0.970725215248047 -0.05951290883203142 -0.0017857965585937664
9 0.9645953447089844 1 0.9645953447089844 -0.06129870539062519 -0.0017857965585937664
9 0.9645953447089844 1 0.9641457828105274 -0.004495618984570411 0.05680308640605477
9 0.9645953447089844 1 0.9640502674649806 -9.551534554688556E-4 0.0035404655291015556
9 0.9645953447089844 1 0.9643087986723439 0.0025853120736327 0.0035404655291015556
9 0.9645953447089844 1 0.9649213764326173 0.0061257776027342555 0.0035404655291015556
9 0.9645953447089844 1 0.965888000745801 0.009666243131835811 0.0035404655291015556
9 0.9645953447089844 1 0.9672086716118947 0.013206708660937367 0.0035404655291015556
9 0.9645953447089844 1 0.9688833890308987 0.016747174190038922 0.0035404655291015556
9 0.9645953447089844 1 0.9709121530028128 0.02028763971914048 0.0035404655291015556
9 0.9645953447089844 1 0.973294963527637 0.023828105248242033 0.0035404655291015556
10 0.9760318206053714 1 0.9760318206053714 0.027368570777343587 0.0035404655291015556
10 0.9760318206053714 1 0.9778647118874133 0.018328912820419478 -0.009039657956924107
10 0.9760318206053714 1 0.9799372849634015 0.020725730759882335 0.002396817939462859
10 0.9760318206053714 1 0.982249539833336 0.023122548699345193 0.002396817939462859
10 0.9760318206053714 1 0.9848014764972167 0.02551936663880805 0.002396817939462859
10 0.9760318206053714 1 0.9875930949550438 0.027916184578270907 0.002396817939462859
10 0.9760318206053714 1 0.9906243952068171 0.030313002517733764 0.002396817939462859
10 0.9760318206053714 1 0.9938953772525367 0.03270982045719662 0.002396817939462859
10 0.9760318206053714 1 0.9974060410922027 0.03510663839665948 0.002396817939462859
10 0.9760318206053714 1 1.0011563867258149 0.037503456336122336 0.002396817939462859
11 1.0051464141533735 1 1.0051464141533735 0.03990027427558519 0.002396817939462859
11 1.0051464141533735 1 1.006173518084598 0.010271039312245791 -0.029629234963339402
11 1.0051464141533735 1 1.007149157874289 0.009756397896908443 -5.146414153373469E-4
11 1.0051464141533735 1 1.008073333522446 0.009241756481571096 -5.146414153373469E-4
11 1.0051464141533735 1 1.0089460450290695 0.008727115066233748 -5.146414153373469E-4
11 1.0051464141533735 1 1.0097672923941592 0.0082124736508964 -5.146414153373469E-4
11 1.0051464141533735 1 1.010537075617715 0.007697832235559054 -5.146414153373469E-4
11 1.0051464141533735 1 1.0112553946997371 0.007183190820221707 -5.146414153373469E-4
11 1.0051464141533735 1 1.0119222496402256 0.006668549404884361 -5.146414153373469E-4
11 1.0051464141533735 1 1.0125376404391804 0.006153907989547014 -5.146414153373469E-4
12 1.0131015670966013 1 1.0131015670966013 0.005639266574209667 -5.146414153373469E-4
12 1.0131015670966013 1 1.0127389627887335 -0.003626043078678253 -0.00926530965288792
12 1.0131015670966013 1 1.0122453428098996 -0.0049361997883383794 -0.0013101567096601265
12 1.0131015670966013 1 1.0116207071600998 -0.006246356497998506 -0.0013101567096601265
12 1.0131015670966013 1 1.010865055839334 -0.007556513207658632 -0.0013101567096601265
12 1.0131015670966013 1 1.0099783888476022 -0.00886666991731876 -0.0013101567096601265
12 1.0131015670966013 1 1.0089607061849042 -0.010176826626978885 -0.0013101567096601265
12 1.0131015670966013 1 1.0078120078512403 -0.011486983336639011 -0.0013101567096601265
12 1.0131015670966013 1 1.0065322938466104 -0.012797140046299137 -0.0013101567096601265
12 1.0131015670966013 1 1.0051215641710145 -0.014107296755959262 -0.0013101567096601265
13 1.0035798188244525 1 1.0035798188244525 -0.015417453465619388 -0.0013101567096601265
13 1.0035798188244525 1 1.0029544501168608 -0.0062536870759158335 0.009163766389703554
13 1.0035798188244525 1 1.0022932832210247 -0.00661166895836108 -3.579818824452463E-4
13 1.0035798188244525 1 1.001596318136944 -0.0069696508408063265 -3.579818824452463E-4
13 1.0035798188244525 1 1.000863554864619 -0.007327632723251573 -3.579818824452463E-4
13 1.0035798188244525 1 1.0000949934040493 -0.007685614605696819 -3.579818824452463E-4
13 1.0035798188244525 1 0.9992906337552351 -0.008043596488142065 -3.579818824452463E-4
13 1.0035798188244525 1 0.9984504759181764 -0.00840157837058731 -3.579818824452463E-4
13 1.0035798188244525 1 0.9975745198928732 -0.008759560253032556 -3.579818824452463E-4
13 1.0035798188244525 1 0.9966627656793253 -0.009117542135477802 -3.579818824452463E-4
14 0.995715213277533 1 0.995715213277533 -0.009475524017923048 -3.579818824452463E-4
14 0.995715213277533 1 0.9955969692976573 -0.0011824397987568666 0.008293084219166181
14 0.995715213277533 1 0.9955215731850062 -7.53961126510165E-4 4.284786722467016E-4
14 0.995715213277533 1 0.9954890249395799 -3.254824542634634E-4 4.284786722467016E-4
14 0.995715213277533 1 0.9954993245613782 1.0299621798323818E-4 4.284786722467016E-4
14 0.995715213277533 1 0.9955524720504012 5.314748902299398E-4 4.284786722467016E-4
14 0.995715213277533 1 0.9956484674066489 9.599535624766414E-4 4.284786722467016E-4
14 0.995715213277533 1 0.9957873106301213 0.001388432234723343 4.284786722467016E-4
14 0.995715213277533 1 0.9959690017208183 0.0018169109069700446 4.284786722467016E-4
14 0.995715213277533 1 0.9961935406787399 0.002245389579216746 4.284786722467016E-4
