0.01 0 1 0 0 0
0.07 0 1 0.1078 1.54 2.2
0.13 0.1078 1 0.19886224 1.517704 -0.03716
0.19 0.19886224 1 0.289136190592 1.5045658432 -0.0218969279999999
0.25 0.289136190592 1 0.37802863616911364 1.48154075961856 -0.03837513930240011
0.31 0.37802863616911364 1 0.4649990194842574 1.44950638858573 -0.05339061838804997
0.37 0.4649990194842574 1 0.5495595422604242 1.4093420462694466 -0.06694057052713917
0.43 0.5495595422604242 1 0.631274878692432 1.3619222738667955 -0.07903295400441838
0.49 0.631274878692432 1 0.7097615317747497 1.3081108847052945 -0.08968564860250199
0.55 0.7097615317747497 1 0.7846868628063624 1.2487555171935434 -0.09892561251958515
0.61 0.7846868628063624 1 0.855767824591493 1.1846826964188448 -0.10678803462449786
0.67 0.855767824591493 1 0.9227694287910356 1.1166934033257088 -0.11331548848855996
0.73 0.9227694287910356 1 0.9855029776009155 1.0455591468313334 -0.11855709415729232
0.79 0.9855029776009155 1 1.0438240894577577 0.9720185309473677 -0.12256769313994294
0.85 1.0438240894577577 1 1.0976305478168114 0.8967743059842262 -0.1254070416052359
0.91 1.0976305478168114 1 1.146860001229732 0.8204908902153445 -0.1271390262814695
0.97 1.146860001229732 1 1.1914875419880684 0.7437923459722718 -0.12783090707178787
1.03 1.1914875419880684 1 1.2315231895094905 0.6672607920237 -0.12755258991428628
1.09 1.2315231895094905 1 1.2670093034449017 0.5914352322568546 -0.12637593294474225
1.15 1.2670093034449017 1 1.29801795019216 0.5168107791209731 -0.12437408855980281
1.21 1.29801795019216 1 1.3246482451322323 0.4438382490012038 -0.1216208835329487
1.27 1.3246482451322323 1 1.3470236914716673 0.3729241056572491 -0.11819023890659107
1.33 1.3470236914716673 1 1.365289535096067 0.30443072707332697 -0.11415563097320347
1.39 1.365289535096067 1 1.3796101533268181 0.23867697051251954 -0.1095895942680127
1.45 1.3796101533268181 1 1.3901664939410021 0.17593901023639993 -0.10456326712686592
1.51 1.3901664939410021 1 1.3971535792745897 0.11645142222645885 -0.09914598001656838
1.57 1.3971535792745897 1 1.4007780886933818 0.0604084903132029 -0.09340488652209317
1.63 1.4007780886933818 1 1.4012560311954285 0.0079657083674467 -0.08740463657626059
1.69 1.4012560311954285 1 1.3988105184127209 -0.040758546378460804 -0.0812070912431791
1.75 1.3988105184127209 1 1.3936696468177965 -0.08568119324873816 -0.07487107811712886
1.81 1.3936696468177965 1 1.3860644965206186 -0.12675250495296453 -0.06845218617371054
1.87 1.3860644965206186 1 1.376227252669889 -0.16395406417882533 -0.06200259870976793
1.93 1.376227252669889 1 1.364389454157189 -0.19729664187833654 -0.05557096283251886
1.99 1.364389454157189 1 1.3507803730674715 -0.22681801816195918 -0.04920229380603769
2.05 1.3507803730674715 1 1.3356255271301278 -0.25258076562239457 -0.04293791243405912
2.11 1.3356255271301278 1 1.319145326304936 -0.2746700137531976 -0.03681541355133833
2.17 1.319145326304936 1 1.3015538535897624 -0.2931912119195597 -0.030868663610603475
2.23 1.3015538535897624 1 1.283057779164235 -0.30826790709212293 -0.025127825287605314
2.29 1.283057779164235 1 1.263855406087363 -0.3200395512811983 -0.01961940698179228
2.35 1.263855406087363 1 1.244135844948197 -0.3286593523194355 -0.0143663350637286
2.41 1.244135844948197 1 1.2240783141274238 -0.3342921803462199 -0.009388046711307267
2.47 1.2240783141274238 1 1.2038515616640288 -0.337112541056583 -0.0047006011839385575
2.53 1.2038515616640288 1 1.1836134041340174 -0.33730262550019247 -3.1680740601576496E-4
2.59 1.1836134041340174 1 1.1635103774364017 -0.3350504449602608 0.0037536342332194356
2.65 1.1635103774364017 1 1.1436774939434724 -0.3305480582154902 0.007503977907950966
2.71 1.1436774939434724 1 1.124238100105641 -0.3239898972971917 0.01093026819716418
2.77 1.124238100105641 1 1.1053038283033727 -0.31557119670447087 0.014031167654534691
2.83 1.1053038283033727 1 1.0869746365070834 -0.3054865299381537 0.016807777943861967
2.89 1.0869746365070834 1 1.069338929137276 -0.2939284561634565 0.019263456291161996
2.95 1.069338929137276 1 1.0524737524083063 -0.2810862788161606 0.021403628912159745
3.01 1.0524737524083063 1 1.0364450573864827 -0.26714491703039395 0.023235602976277914
3.07 1.0364450573864827 1 1.0213080239930477 -0.2522838898905836 0.024768378566350613
3.13 1.0213080239930477 1 1.00710743923119 -0.23667641269762718 0.026012461988260637
3.19 1.00710743923119 1 0.9938781230097216 -0.22048860369114087 0.026979681677477173
3.25 0.9938781230097216 1 0.9816453950705288 -0.20387879898654523 0.02768300784099269
3.31 0.9816453950705288 1 0.9704255766984502 -0.18699697286797742 0.028136376864279677
3.37 0.9704255766984502 1 0.9602265210969324 -0.16998426002529707 0.028354521404467238
3.43 0.9602265210969324 1 0.9510481665468259 -0.1529725758351076 0.028352806983649104
3.49 0.9510481665468259 1 0.9428831067251899 -0.13608433036059886 0.028147075790847853
3.55 0.9428831067251899 1 0.9357171728422905 -0.11943223138165862 0.027753498298233925
3.61 0.9357171728422905 1 0.9295300225544952 -0.10311917146325414 0.027188433197340767
3.67 0.9295300225544952 1 0.9242957309250289 -0.08723819382443923 0.026468296064691477
3.73 0.9242957309250289 1 0.919983379030224 -0.07187253158008311 0.025609437073926843
3.79 0.919983379030224 1 0.9165576361428274 -0.05709571478994404 0.024628027983565094
3.85 0.9165576361428274 1 0.9139793317630949 -0.04297173966220738 0.023539958546227747
3.91 0.9139793317630949 1 0.9122060141100089 -0.029555294218099756 0.022360742406846025
3.97 0.9122060141100089 1 0.911192492026353 -0.01689203472759765 0.021105432484170163
4.03 0.911192492026353 1 0.9108913575901306 -0.0050189072703729146 0.01978854576204121
4.09 0.9108913575901306 1 0.9112534870586673 0.0060354911422781845 0.01842399735441862
4.15 0.9112534870586673 1 0.9122285180986469 0.01625051733299423 0.017025043651193263
4.21 0.9122285180986469 1 0.9137653015734377 0.025613057913180963 0.015604234300311326
4.27 0.9137653015734377 1 0.9158123264667148 0.03411708155461941 0.014173372735730851
4.33 0.9158123264667148 1 0.9183181168171157 0.04176317250668114 0.012743484920102778
4.39 0.9183181168171157 1 0.9212315998212045 0.048558050068146154 0.011324795935775091
4.45 0.9212315998212045 1 0.9245024445302863 0.054514078484695125 0.009926714027581541
4.51 0.9245024445302863 1 0.928081370819696 0.05964877149016259 0.008557821675779165
4.57 0.928081370819696 1 0.9319204285463665 0.06398429544450747 0.007225873257241401
4.63 0.9319204285463665 1 0.9359732470311828 0.0675469747469389 0.005937798837385745
4.69 0.9359732470311828 1 0.9401952552064679 0.0703668029214174 0.004699713624130819
4.75 0.9401952552064679 1 0.9445438729556458 0.07247696248629917 0.003516932608136304
4.81 0.9445438729556458 1 0.9489786743416022 0.07391335643260814 0.002393989910514961
4.87 0.9489786743416022 1 0.9534615235725103 0.07471415384846818 0.001334662359766715
4.93 0.9534615235725103 1 0.9579566846890709 0.07491935194267717 3.4199682368165653E-4
4.99 0.9579566846890709 1 0.9624309060754779 0.07457035644011598 -5.81659170935311E-4
5.05 0.9624309060754779 1 0.96685348099832 0.07370958204737028 -0.0014346239879095002
5.11 0.96685348099832 1 0.9711962854635298 0.0723800744201613 -0.002215846045348302
5.17 0.9711962854635298 1 0.975433794751907 0.07062515480628605 -0.002924866023125427
5.23 0.975433794751907 1 0.9795430800493072 0.06848808829000458 -0.0035617775271357564
5.29 0.9795430800493072 1 0.9835037866289397 0.06601177632720738 -0.004127186604662025
5.35 0.9835037866289397 1 0.9872980950711102 0.06323847403617572 -0.004622170485052801
5.41 0.9872980950711102 1 0.9909106670209326 0.06020953249703781 -0.005048235898563135
5.47 0.9909106670209326 1 0.9943285769878168 0.05696516611473912 -0.005407277303831193
5.53 0.9943285769878168 1 0.9975412316827733 0.05354424491593992 -0.005701535331331953
5.59 0.9975412316827733 1 1.0005402783715769 0.04998411148005939 -0.0059335557264675876
5.65 1.0005402783715769 1 1.0033195036945113 0.046320422048905845 -0.006106149051922527
5.71 1.0033195036945113 1 1.0058747243675938 0.04258701121804324 -0.006222351384771052
5.77 1.0058747243675938 1 1.008203671136768 0.03881577948623293 -0.006285386219683886
5.83 1.008203671136768 1 1.0103058673063767 0.03503660282681188 -0.006298627765701692
5.89 1.0103058673063767 1 1.0121825031071676 0.03127726334651611 -0.006265565800493001
5.95 1.0121825031071676 1 1.0138363071079302 0.02756340001270689 -0.006189772223015311
6.01 1.0138363071079302 1 1.0152714158094605 0.02391847835884025 -0.006074869423111107
6.07 1.0152714158094605 1 1.0164932424906525 0.02036377801986861 -0.0059245005649526845
6.13 1.0164932424906525 1 1.0175083463048662 0.016918396903559826 -0.005742301860514676
6.19 1.0175083463048662 1 1.0183243025510613 0.013599270769919465 -0.005531876889400556
6.25 1.0183243025510613 1 1.0189495749691628 0.010421206968357976 -0.0052967730026025174
6.31 1.0189495749691628 1 1.019393390833383 0.007396931070336646 -0.0050404598300355825
6.37 1.019393390833383 1 1.019665619541379 0.00453714513326648 -0.004766309895116905
6.43 1.019665619541379 1 1.0197766553217014 0.0018505963387059178 -0.004477581324267632
6.49 1.0197766553217014 1 1.0197373046075242 -6.558452362852123E-4 -0.004177402624985183
6.55 1.0197373046075242 1 1.0195586785515938 -0.0029771009321755155 -0.003868759493150531
6.61 1.0195586785515938 1 1.0192520910861187 -0.0051097910912502546 -0.00355448359845787
6.67 1.0192520910861187 1 1.018828962862338 -0.007052137063014398 -0.0032372432862735946
6.73 1.018828962862338 1 1.0183007313380605 -0.008803858737958045 -0.002919536124906053
6.79 1.0183007313380605 1 1.017678767217897 -0.010366068669392433 -0.002603683219057329
6.85 1.017678767217897 1 1.0169742973904163 -0.011741163791343915 -0.0022918252032524847
6.91 1.0169742973904163 1 1.0161983344493033 -0.012932715685217002 -0.0019859198231217956
6.97 1.0161983344493033 1 1.0153616128319154 -0.013945360289797743 -0.00168774100763458
7.03 1.0153616128319154 1 1.0144745315585897 -0.014784687888762114 -0.0013988793316072725
7.09 1.0144745315585897 1 1.0135471035097217 -0.015457134147802023 -0.0011207437650665232
7.15 1.0135471035097217 1 1.012588911135102 -0.01596987291032699 -8.545646042082745E-4
7.21 1.012588911135102 1 1.0116090684512824 -0.01633071139699574 -6.013974777812517E-4
7.27 1.0116090684512824 1 1.0106161891478485 -0.016547988390566017 -3.621283226171281E-4
7.33 1.0106161891478485 1 1.0096183605923972 -0.016630475924187097 -1.3747922270179735E-4
7.39 1.0096183605923972 1 1.0086231234966732 -0.01658728492873323 7.198499242311307E-5
7.45 1.0086231234966732 1 1.0076374569826652 -0.01642777523346518 2.658494921134124E-4
7.51 1.0076374569826652 1 1.0066677687673906 -0.016161470254575403 4.438416314829661E-4
7.57 1.0066677687673906 1 1.0057198901684907 -0.01579797664833282 6.058226770709661E-4
7.63 1.0057198901684907 1 1.0047990756194984 -0.015346909149871845 7.517791641016291E-4
7.69 1.0047990756194984 1 1.003910006373573 -0.014817820765420908 8.818139740848884E-4
7.75 1.003910006373573 1 1.0030567980674647 -0.014220138435139255 9.96137217136095E-4
7.81 1.0030567980674647 1 1.0022430118133103 -0.013563104235905 0.0010950569987237646
7.87 1.0022430118133103 1 1.0014716684843994 -0.01285572214851695 0.0011789701456467404
7.93 1.0014716684843994 1 1.0007452658620823 -0.01210671037195176 0.0012483529609419897
7.99 1.0007452658620823 1 1.000065798314365 -0.01132445912862118 0.0013037520722176232
8.05 1.000065798314365 1 0.99943477868222 -0.010516993869084211 0.0013457754325616022
8.11 0.99943477868222 1 0.9988532620570774 -0.009691943752376543 0.0013750835278461438
8.17 0.9988532620570774 1 0.9983218711421341 -0.008856515249054689 0.0013923808388697444
8.23 0.9983218711421341 1 0.9978408229008434 -0.008017470688178872 0.0013984076014596837
8.29 0.9978408229008434 1 0.9974099562080395 -0.0071811115467312675 0.001393931902412704
8.35 0.9974099562080395 1 0.9970287602324196 -0.006353266260331323 0.001379742143999896
8.41 0.9970287602324196 1 0.996696403293371 -0.005539282317477765 0.0013566399047559186
8.47 0.996696403293371 1 0.9964117619502215 -0.004744022385823892 0.0013254332194231112
8.53 0.9964117619502215 1 0.9961734500977373 -0.003971864208071177 0.0012869302962545516
8.59 0.9961734500977373 1 0.9959798478579281 -0.003226703996818555 0.0012419336854210261
8.65 0.9959798478579281 1 0.9958291300748082 -0.0025119630519989684 0.0011912349080326345
8.71 0.9958291300748082 1 0.9957192942355343 -0.0018305973212320399 0.001135609551278205
8.77 0.9957192942355343 1 0.9956481876581923 -0.001185109622367452 0.001075812831441003
8.83 0.9956481876581923 1 0.9956135338032799 -5.775642485401284E-4 0.001012575623045531
8.89 0.9956135338032799 1 0.9956129575825375 -9.603679038812439E-6 9.466009491688522E-4
8.95 0.9956129575825375 1 0.9956440095550944 5.175328759474835E-4 8.785609249771786E-4
9.01 0.9956440095550944 1 0.9957041889168304 0.0010029893622679844 8.090941438674949E-4
9.07 0.9957041889168304 1 0.9957909652043203 0.001446271458165041 7.388034931617549E-4
9.13 0.9957909652043203 1 0.9959017986496398 0.0018472240886587559 6.682543841561861E-4
9.19 0.9959017986496398 1 0.9960341591366189 0.002206008116318597 5.979733794330811E-4
9.25 0.9960341591366189 1 0.9961855437227518 0.002523076435549457 5.284471987180962E-4
9.31 0.9961855437227518 1 0.9963534927038794 0.0027991496854596998 4.6012208318373386E-4
9.37 0.9963534927038794 1 0.9965356042108978 0.0030351917836410496 3.9340349696892485E-4
9.43 0.9965356042108978 1 0.9967295473390925 0.003232385469911219 3.286561437836123E-4
9.49 0.9967295473390925 1 0.9969330738212157 0.0033921080353865422 2.6620427579220345E-4
9.55 0.9969330738212157 1 0.9971440282651133 0.003515907398292844 2.0633227151050097E-4
9.61 0.9971440282651133 1 0.9973603569855414 0.003605478673802097 1.4928545918209142E-4
9.67 0.9973603569855414 1 0.9975801154678028 0.00366264137102342 9.52711620355373E-5
9.73 0.9975801154678028 1 0.9978014745079732 0.0036893173361733913 4.4459941916619194E-5
9.79 0.9978014745079732 1 0.9980227250807939 0.0036875095470121303 -3.0129819354351886E-6
9.85 0.9980227250807939 1 0.9982422819917899 0.0036592818499319693 -4.7046161800268194E-5
9.91 0.9982422819917899 1 0.9984586863748532 0.003606739717722037 -8.757022034988626E-5
9.97 0.9984586863748532 1 0.9986706071004371 0.0035320120930636125 -1.2454604109737307E-4
10.03 0.9986706071004371 1 0.9988768411626557 0.003437234370310547 -1.5796287125511286E-4
10.09 0.9988768411626557 1 0.9990763131160235 0.0033245325561294817 -1.8783635696844047E-4
10.15 0.9990763131160235 1 0.9992680736343135 0.0031960086381653224 -2.14206529940264E-4
10.21 0.9992680736343135 1 0.9994512972651195 0.003053727180099763 -2.3713576344259744E-4
10.27 0.9994512972651195 1 0.9996252794541985 0.002899703151318192 -2.5670671463595696E-4
10.33 0.9996252794541985 1 0.9997894329135937 0.0027358909899195087 -2.7302026899780343E-4
10.39 0.9997894329135937 1 0.9999432834069345 0.002564174889014106 -2.8619350150900226E-4
10.45 0.9999432834069345 1 1.000086465024225 0.0023863602881729813 -2.9635766806854755E-4
10.51 1.000086465024225 1 1.000218715016896 0.0022041665445174676 -3.036562394258535E-4
10.57 1.000218715016896 1 1.000339868261973 0.0020192207512847145 -3.0824298872125235E-4
10.63 1.000339868261973 1 1.0004498514219184 0.0018330526657554117 -3.102801425488355E-4
10.69 1.0004498514219184 1 1.0005486768641099 0.0016470907031907577 -3.0993660427443005E-4
10.75 1.0005486768641099 1 1.0006364364010418 0.0014626589488678694 -3.0738625720481136E-4
10.81 1.0006364364010418 1 1.0007132949092272 0.0012809751364244917 -3.028063540722936E-4
10.87 1.0007132949092272 1 1.000779483881477 0.0011031495374947537 -2.963759982162362E-4
10.93 1.000779483881477 1 1.000835294963778 9.301847050178182E-4 -2.8827472079488996E-4
10.99 1.000835294963778 1 1.0008810735244142 7.62976010603239E-4 -2.7868115735762977E-4
11.05 1.0008810735244142 1 1.0009172122993089 6.023129149100213E-4 -2.677718261553608E-4
11.11 1.0009172122993089 1 1.000944145153856 4.4888090911942766E-4 -2.557200096509948E-4
11.17 1.000944145153856 1 1.0009623409977682 3.032640651999993E-4 -2.42694739865712E-4
11.23 1.0009623409977682 1 1.0009722978857345 1.6594813277335995E-4 -2.2885988737773034E-4
11.29 1.0009722978857345 1 1.0009745373329901 3.732412092560941E-5 -2.1437335307958883E-4
11.35 1.0009745373329901 1 1.0009695988712457 -8.230769573997123E-5 -1.9938636110929944E-4
11.41 1.0009695988712457 1 1.0009580348668738 -1.9273340619614004E-4 -1.8404285076027984E-4
11.47 1.0009580348668738 1 1.0009404056197753 -2.938207849747757E-4 -1.6847896463105806E-4
11.53 1.0009404056197753 1 1.0009172747580055 -3.85514362829506E-4 -1.528226297578872E-4
11.59 1.0009172747580055 1 1.0008892049400255 -4.678302996664697E-4 -1.3719322806160505E-4
11.65 1.0008892049400255 1 1.000856753873372 -5.408511108935572E-4 -1.2170135204514487E-4
11.71 1.000856753873372 1 1.0008204706556292 -6.047202957138488E-4 -1.0644864136715172E-4
11.77 1.0008204706556292 1 1.0007808924408432 -6.596369130980629E-4 -9.152769564035879E-5
11.83 1.0007808924408432 1 1.0007385414319478 -7.05850148256109E-4 -7.702205859674296E-5
11.89 1.0007385414319478 1 1.000693922197383 -7.436539094153946E-4 -6.300626859880867E-5
11.95 1.000693922197383 1 1.0006475193078856 -7.733814916234795E-4 -4.954597034680929E-5
12.01 1.0006475193078856 1 1.0005997952874153 -7.954003411729852E-4 -3.6698082582509184E-5
12.07 1.0005997952874153 1 1.0005511888703493 -8.101069510983687E-4 -2.4511016542305702E-5
12.13 1.0005511888703493 1 1.0005021135554457 -8.179219150611554E-4 -1.3024939937977822E-5
12.19 1.0005021135554457 1 1.000452956445616 -8.19285163830306E-4 -2.272081281917701E-6
12.25 1.000452956445616 1 1.0004040773612854 -8.146514055084845E-4 7.722930536369074E-6
12.31 1.0004040773612854 1 1.0003558082140256 -8.044857876661519E-4 1.694269640388767E-5
12.37 1.0003558082140256 1 1.0003084526262274 -7.8925979663739E-4 2.537665171460368E-5
12.43 1.0003084526262274 1 1.0002622857818417 -7.694474064268025E-4 3.30206503509789E-5
12.49 1.0002622857818417 1 1.0002175544926226 -7.455214869850527E-4 3.987653240291599E-5
12.55 1.0002175544926226 1 1.0001744774638803 -7.179504790368309E-4 4.5951679913702746E-5
12.61 1.0001744774638803 1 1.0001332457434677 -6.871953402117245E-4 5.125856470851175E-5
12.67 1.0001332457434677 1 1.0000940233375717 -6.537067649327405E-4 5.5814292131639576E-5
12.73 1.0000940233375717 1 1.0000569479768697 -6.179226783660899E-4 5.9640144277750545E-5
12.79 1.0000569479768697 1 1.0000221320167049 -5.802660027480988E-4 6.276112602998651E-5
12.85 1.0000221320167049 1 0.9999896634551516 -5.411426925548532E-4 6.520551698874222E-5
12.91 0.9999896634551516 1 0.999959607053153 -5.009400333091389E-4 6.700443207618978E-5
12.97 0.999959607053153 1 0.9999320055413157 -4.6002519728917786E-4 6.819139336660119E-5
13.03 0.9999320055413157 1 0.9999068808984332 -4.1874404804225315E-4 6.880191541154268E-5
13.09 0.9999068808984332 1 0.9998842356873694 -3.774201843952169E-4 6.887310607839314E-5
13.15 0.9998842356873694 1 0.9998640544345532 -3.363542136030254E-4 6.844328465365202E-5
13.21 0.9998640544345532 1 0.9998463050400109 -2.9582324236994135E-4 6.755161872180615E-5
13.27 0.9998463050400109 1 0.9998309402055877 -2.560805737205615E-4 6.623778108230116E-5
13.33 0.9998309402055877 1 0.9998178988697627 -2.173555970832291E-4 6.454162772888683E-5
13.39 0.9998178988697627 1 0.9998071076382548 -1.7985385846472043E-4 6.250289769751393E-5
13.45 0.9998071076382548 1 0.99979848220042 -1.4375729724577107E-4 6.016093536491685E-5
13.51 0.99979848220042 1 0.9997919287222663 -1.0922463589446772E-4 5.755443558550511E-5
13.57 0.9997919287222663 1 0.9997873452077394 -7.639190878197904E-5 5.472121185414736E-5
13.63 0.9997873452077394 1 0.9997846228207626 -4.537311627839559E-5 5.169798750597199E-5
13.69 0.9997846228207626 1 0.9997836471613387 -1.6260990397825773E-5 4.852020980095073E-5
13.75 0.9997836471613387 1 0.9997842994898317 1.0872141550230562E-5 4.522188658009352E-5
13.81 0.9997842994898317 1 0.9997864578943465 3.597340857882404E-5 4.183544504765546E-5
13.87 0.9997864578943465 1 0.9997899983968969 5.900837583950133E-5 3.839161210112963E-5
13.93 0.9997899983968969 1 0.9997947959948059 7.995996515144757E-5 3.491931551991012E-5
13.99 0.9997947959948059 1 0.999800725634503 9.882732828386982E-5 3.1445605220703504E-5
14.05 0.999800725634503 1 0.9998076631155733 1.1562468450707596E-4 2.799559370534333E-5
14.11 0.9998076631155733 1 0.9998154859235746 1.3038013335380617E-4 2.4592414744550875E-5
14.17 0.9998154859235746 1 0.99982407399075 1.4313445292333193E-4 2.1257199282542775E-5
14.23 0.99982407399075 1 0.9998333103843554 1.539398934228404E-4 1.8009067499180632E-5
14.29 0.9998333103843554 1 0.9998430819228539 1.6285897497371794E-4 1.4865135918129549E-5
14.35 0.9998430819228539 1 0.9998532797207359 1.699632980331017E-4 1.1840538432306148E-5
14.41 0.9998532797207359 1 0.9998637996631811 1.753323740863605E-4 8.948460088764599E-6
14.47 0.9998637996631811 1 0.9998745428121953 1.7905248357043605E-4 6.200182473459216E-6
14.53 0.9998745428121953 1 0.9998854157462327 1.8121556728985797E-4 3.6051395323699622E-6
14.59 0.9998854157462327 1 0.9998963308356466 1.819181568971245E-4 1.1709826787775775E-6
14.65 0.9998963308356466 1 0.9999072064566059 1.8126034932289977E-4 -1.0963459570412206E-6
14.71 0.9999072064566059 1 0.9999179671463686 1.793448293789573E-4 -3.192533239904092E-6
14.77 0.9999179671463686 1 0.9999285437030145 1.7627594409949714E-4 -5.1148087991004225E-6
14.83 0.9999285437030145 1 0.9999388732329203 1.7215883176262937E-4 -6.861853894779557E-6
14.89 0.9999388732329203 1 0.9999488991493958 1.670986079252795E-4 -8.433706395583052E-6
14.95 0.9999488991493958 1 0.9999585711260094 1.6119961022721574E-4 -9.831662830106502E-6
15.01 0.9999585711260094 1 0.9999678450081996 1.545647031697545E-4 -1.105817842910195E-5
15.07 0.9999678450081996 1 0.9999766826868131 1.4729464355758227E-4 -1.2116766020286994E-5
15.13 0.9999766826868131 1 0.9999850519372213 1.3948750680383643E-4 -1.30118945895763E-5
15.19 0.9999850519372213 1 0.9999929262276521 1.312381738473696E-4 -1.3748888260778358E-5
15.25 0.9999929262276521 1 1.0000002845003328 1.226378780121435E-4 -1.4333826392043392E-5
15.31 1.0000002845003328 1 1.000007110928978 1.1377381075533266E-4 -1.477344542801795E-5
15.37 1.000007110928978 1 1.0000133946560723 1.0472878490366674E-4 -1.5075043086110184E-5
15.43 1.0000133946560723 1 1.000019129513292 9.558095366193298E-5 -1.5246385402889472E-5
15.49 1.000019129513292 1 1.0000243137282963 8.64035834031535E-5 -1.5295617097965675E-5
15.55 1.0000243137282963 1 1.0000289496209764 7.726487800259581E-5 -1.523117566759602E-5
15.61 1.0000289496209764 1 1.0000330432921125 6.82278522692044E-5 -1.506170955565267E-5
15.67 1.0000330432921125 1 1.0000366043072237 5.9350251852414235E-5 -1.4796000694650147E-5
15.73 1.0000366043072237 1 1.000039645378235 5.068451685208808E-5 -1.4442891667210135E-5
15.79 1.000039645378235 1 1.00004218204541 4.2277786250410524E-5 -1.4011217669462895E-5
15.85 1.00004218204541 1 1.0000442323618215 3.417194019124059E-5 -1.3509743431949772E-5
15.91 1.0000442323618215 1 1.0000458165824462 2.6403677078814017E-5 -1.2947105187377517E-5
15.97 1.0000458165824462 1 1.0000469568597923 1.9004622435651584E-5 -1.2331757738603955E-5
16.03 1.0000469568597923 1 1.000047676947779 1.2001466445256608E-5 -1.1671926650658194E-5
16.09 1.000047676947779 1 1.0000480019154068 5.416127127614923E-6 -1.0975565529403042E-5
16.15 1.0000480019154068 1 1.0000479578715744 -7.340638744327791E-7 -1.025031833674639E-5
16.21 1.0000479578715744 1 1.0000475717022226 -6.4361558645315186E-6 -9.503486650164206E-6
16.27 1.0000475717022226 1 1.0000468708208081 -1.1681356909046167E-5 -8.742001740857931E-6
16.33 1.0000468708208081 1 1.0000458829329455 -1.646479770866663E-5 -7.972401332700941E-6
16.39 1.0000458829329455 1 1.0000446358158919 -2.0785284226976758E-5 -7.200810863849939E-6
16.45 1.0000446358158919 1 1.0000431571133916 -2.4645041669649094E-5 -6.432929071120696E-6
16.51 1.0000431571133916 1 1.000041474146255 -2.8049452276378026E-5 -5.6740176778813385E-6
16.57 1.000041474146255 1 1.0000396137388994 -3.1006789263142114E-5 -4.928894977940246E-6
16.63 1.0000396137388994 1 1.000037602061953 -3.352794910419778E-5 -4.201933068426201E-6
16.69 1.000037602061953 1 1.0000354644909009 -3.562618420293316E-5 -3.4970584978921693E-6
16.75 1.0000354644909009 1 1.00003322548063 -3.731683784844059E-5 -2.817756075845779E-6
16.81 1.00003322548063 1 1.000030908455638 -3.861708319886906E-5 -2.167075584047496E-6
16.87 1.000030908455638 1 1.000028535715565 -3.954566788518627E-5 -1.547641143861967E-6
16.93 1.000028535715565 1 1.000026128355625 -4.012266566527472E-5 -9.61662966814103E-7
16.99 1.000026128355625 1 1.0000237062014403 -4.036923641248129E-5 -4.109512453442935E-7
17.05 1.0000237062014403 1 1.0000212877577066 -4.0307395563586246E-5 1.0306808149174123E-7
17.11 1.0000212877577066 1 1.0000188901700662 -3.995979400791377E-5 5.793359261208053E-7
17.17 1.0000188901700662 1 1.0000165291995113 -3.934950924734662E-5 1.0171412676118761E-6
17.23 1.0000165291995113 1 1.0000142192086 -3.849984852290205E-5 1.4161012074076496E-6
17.29 1.0000142192086 1 1.0000119731587322 -3.7434164461159177E-5 1.7761401029048326E-6
17.35 1.0000119731587322 1 1.0000098026177122 -3.6175683667849985E-5 2.097467988848578E-6
17.41 1.0000098026177122 1 1.000007717776798 -3.4747348569280025E-5 2.380558497616647E-6
17.47 1.000007717776798 1 1.000005727476437 -3.317167268809538E-5 2.626126468641132E-6
17.53 1.000005727476437 1 1.0000038392398714 -3.147060942709826E-5 2.8351054349950996E-6
17.59 1.0000038392398714 1 1.0000020593138115 -2.966543433299991E-5 3.0086251568306467E-6
17.65 1.0000020593138115 1 1.0000003927153684 -2.777664071852703E-5 3.1479893574548614E-6
17.71 1.0000003927153684 1 0.9999988432844625 -2.5823848431106224E-5 3.2546538123678915E-6
17.77 0.9999988432844625 1 0.9999974137409338 -2.3825725479516525E-5 3.3302049193162377E-6
17.83 0.9999974137409338 1 0.9999961057456044 -2.1799922157038087E-5 3.3763388707974683E-6
17.89 0.9999961057456044 1 0.9999949199645704 -1.976301723430711E-5 3.3948415378848296E-6
17.95 0.9999949199645704 1 0.9999938561360259 -1.7730475741913306E-5 3.3875691539897446E-6
