0 0 1 0 0 0
1 0 1 0.12 1.2 1.2
2 0.12 1 0.2456 1.256 0.05600000000000002
3 0.2456 1 0.373728 1.28128 0.02527999999999997
4 0.373728 1 0.50156864 1.2784064 -0.0028736000000000317
5 0.50156864 1 0.6265938432 1.250252032 -0.028154367999999944
6 0.6265938432 1 0.746584649216 1.1999080601599998 -0.05034397183999999
7 0.746584649216 1 0.85964468164608 1.1306003243007998 -0.06930773585919997
8 0.85964468164608 1 0.9642058172002304 1.0456113555415039 -0.084988968759296
9 0.9642058172002304 1 1.059026722854961 0.9482090565473075 -0.09740229899419643
10 1.059026722854961 1 1.1431850034871194 0.8415828063215846 -0.10662625022572288
11 1.1431850034871194 1 1.2160637559863197 0.7287875249920023 -0.11279528132958223
12 1.2160637559863197 1 1.2773333581158735 0.612696021295538 -0.11609150369646422
13 1.2773333581158735 1 1.3269293328701544 0.4959597475428095 -0.11673627375272849
14 1.3269293328701544 1 1.365027123491604 0.38097790621449773 -0.11498184132831178
15 1.365027123491604 1 1.3920145925810767 0.2698746908947272 -0.1111032153197705
16 1.3920145925810767 1 1.4084630229099806 0.16448430328903918 -0.10539038760568804
17 1.4084630229099806 1 1.4150973497477946 0.0663432683781392 -0.09814103491089998
18 1.4150973497477946 1 1.4127662969068713 -0.023310528409233672 -0.08965379678737287
19 1.4127662969068713 1 1.4024130234119028 -0.10353273494968465 -0.08022220654045098
20 1.4024130234119028 1 1.385046816798193 -0.1736620661370967 -0.07012933118741205
21 1.385046816798193 1 1.3617162945098906 -0.23330522288302563 -0.05964315674592893
22 1.3617162945098906 1 1.3334844985602206 -0.2823179594967013 -0.04901273661367567
23 1.3334844985602206 1 1.301406192234313 -0.32078306325907535 -0.03846510376237404
24 1.301406192234313 1 1.2665075926963099 -0.3489859953800304 -0.028202932120955017
25 1.2665075926963099 1 1.2297687012581808 -0.36738891438128923 -0.018402919001258858
26 1.2297687012581808 1 1.1921083249387012 -0.3766037631947964 -0.009214848813507141
27 1.1921083249387012 1 1.1543718197523956 -0.377365051863057 -7.612886682606401E-4
28 1.1543718197523956 1 1.1173215286896725 -0.37050291062723045 0.006862141235826555
29 1.1173215286896725 1 1.0816298361594283 -0.3569169253024419 0.013585985324788562
30 1.0816298361594283 1 1.04787471615902 -0.3375512000040834 0.019365725298358515
31 1.04787471615902 1 1.0165376138354723 -0.31337102323547916 0.024180176768604244
32 1.0165376138354723 1 0.9880034694675697 -0.2853414436790258 0.028029579556453355
33 0.9880034694675697 1 0.962562670147106 -0.25440799320463714 0.030933450474388648
34 0.962562670147106 1 0.9404146973557465 -0.2214797279135946 0.032928265291042536
35 0.9404146973557465 1 0.921673227896408 -0.1874146945933844 0.0340650333202102
36 0.921673227896408 1 0.9063724408250753 -0.15300787071332758 0.03440682388005681
37 0.9063724408250753 1 0.8944742836443743 -0.11898157180700988 0.0340262989063177
38 0.8944742836443743 1 0.8858764565088559 -0.08597827135518377 0.03300330045182612
39 0.8858764565088559 1 0.8804208829567123 -0.054555735521436576 0.03142253583374719
40 0.8804208829567123 1 0.8779024491006487 -0.025184338560635375 0.0293713969608012
41 0.8779024491006487 1 0.8780778096481786 0.001753605475298417 0.026937944035933793
42 0.8780778096481786 1 0.8806740779479919 0.025962682998132827 0.02420907752283441
43 0.8806740779479919 1 0.885397237858864 0.04723159910872115 0.021268916110588322
44 0.885397237858864 1 0.8919401370214717 0.06542899162607621 0.01819739251735506
45 0.8919401370214717 1 0.8999899435273891 0.08049806505917423 0.015069073433098025
46 0.8999899435273891 1 0.9092349705121671 0.09245026984777893 0.011952204788604703
47 0.9092349705121671 1 0.9193707953882239 0.1013582487605676 0.008907978912788671
48 0.9193707953882239 1 0.9301056218689104 0.10734826480686604 0.005990016046298431
49 0.9301056218689104 1 0.9411648532641502 0.11059231395239738 0.003244049145531336
50 0.9411648532641502 1 0.952294864454583 0.11130011190432755 7.07797951930168E-4
51 0.952294864454583 1 0.9632659772368808 0.10971112782297818 -0.001588984081349375
52 0.9632659772368808 1 0.9738746591962112 0.10608681959330424 -0.0036243082296739445
53 0.9738746591962112 1 0.9839449797756844 0.1007032057947316 -0.005383613798572639
54 0.9839449797756844 1 0.9933293687016965 0.09384388926012151 -0.006859316534610093
55 0.9933293687016965 1 1.0019087313610735 0.08579362659377009 -0.008050262666351426
56 1.0019087313610735 1 1.0095919831272913 0.07683251766217841 -0.008961108931591678
57 1.0095919831272913 1 1.0163150700543415 0.0672308692705024 -0.00960164839167601
58 1.0163150700543415 1 1.0220395468875998 0.05724476833258384 -0.009986100937918563
59 1.0220395468875998 1 1.0267507850997803 0.0471123821218056 -0.010132386210778232
60 1.0267507850997803 1 1.0304558837887472 0.03705098688966897 -0.010061395232136627
61 1.0304558837887472 1 1.0331813549330424 0.027254711442952686 -0.009796275446716286
62 1.0331813549330424 1 1.0349706518642474 0.01789296931204898 -0.009361742130903706
63 1.0349706518642474 1 1.0358816060650469 0.009109542007994497 -0.008783427304054481
64 1.0358816060650469 1 1.0359838327244655 0.001022266594185672 -0.008087275413808825
65 1.0359838327244655 1 1.0353561600634529 -0.006276726610126038 -0.00729899320431171
66 1.0353561600634529 1 1.0340841314672724 -0.012720285961804013 -0.006443559351677975
67 1.0340841314672724 1 1.0322576231013647 -0.01826508365907802 -0.0055447976972740065
68 1.0322576231013647 1 1.0299686131100203 -0.022890099913443263 -0.004625016254365244
69 1.0299686131100203 1 1.02730913185561 -0.026594812544102918 -0.003704712630659657
70 1.02730913185561 1 1.0243694160895285 -0.029397157660814632 -0.0028023451167117136
71 1.0243694160895285 1 1.0212362835782647 -0.03133132511263879 -0.0019341674518241541
72 1.0212362835782647 1 1.0179917386465618 -0.03244544931702793 -0.0011141242043891447
73 1.0179917386465618 1 1.014711813435098 -0.03279925211463739 -3.5380279760945967E-4
74 1.014711813435098 1 1.0114656444760788 -0.03246168959019331 3.3756252444407933E-4
75 1.0114656444760788 1 1.0083147795234397 -0.031508649526389765 9.53040063803545E-4
76 1.0083147795234397 1 1.005312705475596 -0.030020740478438657 0.001487909047951108
77 1.005312705475596 1 1.0025045847230245 -0.02808120752571404 0.0019395329527246207
78 1.0025045847230245 1 0.9999271843512497 -0.02577400371774752 0.002307203807966518
79 0.9999271843512497 1 0.9976089803296274 -0.02318204021622268 0.002591963501524841
80 0.9976089803296274 1 0.9955704171035749 -0.02038563226052586 0.0027964079556968223
81 0.9955704171035749 1 0.993824301858056 -0.01746115245518827 0.0029244798053375876
82 0.993824301858056 1 0.9923763120999279 -0.014479897581280658 0.002981254873907613
83 0.9923763120999279 1 0.9912255950756141 -0.011507170243138146 0.002972727338142511
84 0.9912255950756141 1 0.9903654378522194 -0.008601572233947178 0.0029055980091909684
85 0.9903654378522194 1 0.9897839875941198 -0.005814502580996342 0.0027870696529508354
86 0.9897839875941198 1 0.9894650026099477 -0.003189849841720663 0.002624652739275679
87 0.9894650026099477 1 0.9893886160719939 -7.638653795381672E-4 0.002425984462182496
88 0.9893886160719939 1 0.9895320958663956 0.0014347979440168831 0.0021986633235550504
89 0.9895320958663956 1 0.9898705857640292 0.0033848989763361126 0.0019501010323192294
90 0.9898705857640292 1 0.9903778149566188 0.005072291925896642 0.001687392949560529
91 0.9903778149566188 1 0.9910267649308171 0.006489499741983272 0.0014172078160866299
92 0.9910267649308171 1 0.9917902846089792 0.0076351967816215656 0.0011456970396382937
93 0.9917902846089792 1 0.9926416466271456 0.008513620181663593 8.784234000420279E-4
94 0.9926416466271456 1 0.9935550395109524 0.009133928838068094 6.203086564045002E-4
95 0.9935550395109524 1 0.9945059923161594 0.009509528052070858 3.755992140027642E-4
96 0.9945059923161594 1 0.9954717299945226 0.009657376783631898 1.4784873156103995E-4
97 0.9954717299945226 1 0.996431459305159 0.009597293106364212 -6.0083677267686E-5
98 0.996431459305159 1 0.9973665864986285 0.009351271934696048 -2.4602117166816484E-4
99 0.9973665864986285 1 0.9982608692427786 0.008942827441500788 -4.0844449319525904E-4
