0 0 1 0 0 0
0 0 1 0.11000000000000001 1.1 1.1
0 0 1 0.23000000000000004 1.2000000000000002 0.1
0 0 1 0.3600000000000001 1.3000000000000003 0.1
0 0 1 0.5000000000000001 1.4000000000000004 0.1
1 0.6500000000000001 1 0.6500000000000001 1.5000000000000004 0.1
1 0.6500000000000001 1 0.7385000000000002 0.8850000000000003 -0.6150000000000001
1 0.6500000000000001 1 0.8305000000000002 0.9200000000000004 0.03499999999999999
1 0.6500000000000001 1 0.9260000000000003 0.9550000000000004 0.03499999999999999
1 0.6500000000000001 1 1.0250000000000004 0.9900000000000004 0.03499999999999999
2 1.1275000000000004 1 1.1275000000000004 1.0250000000000004 0.03499999999999999
2 1.1275000000000004 1 1.1809750000000003 0.5347500000000001 -0.4902500000000003
2 1.1275000000000004 1 1.2331750000000004 0.522 -0.012750000000000039
2 1.1275000000000004 1 1.2841000000000005 0.50925 -0.012750000000000039
2 1.1275000000000004 1 1.3337500000000004 0.49649999999999994 -0.012750000000000039
3 1.3821250000000005 1 1.3821250000000005 0.4837499999999999 -0.012750000000000039
3 1.3821250000000005 1 1.4012162500000005 0.19091249999999976 -0.29283750000000014
3 1.3821250000000005 1 1.4164862500000004 0.15269999999999972 -0.03821250000000005
3 1.3821250000000005 1 1.4279350000000004 0.11448749999999967 -0.03821250000000005
3 1.3821250000000005 1 1.4355625000000003 0.07627499999999962 -0.03821250000000005
4 1.4393687500000003 1 1.4393687500000003 0.03806249999999957 -0.03821250000000005
4 1.4393687500000003 1 1.4330569375000002 -0.06311812500000029 -0.10118062499999986
4 1.4393687500000003 1 1.4223514375000001 -0.10705500000000032 -0.043936875000000035
4 1.4393687500000003 1 1.4072522500000002 -0.15099187500000036 -0.043936875000000035
4 1.4393687500000003 1 1.3877593750000001 -0.1949287500000004 -0.043936875000000035
5 1.3638728125000001 1 1.3638728125000001 -0.23886562500000044 -0.043936875000000035
5 1.3638728125000001 1 1.3438971156250001 -0.1997569687500003 0.03910865625000015
5 1.3638728125000001 1 1.320282690625 -0.2361442500000003 -0.036387281250000014
5 1.3638728125000001 1 1.2930295375 -0.2725315312500003 -0.036387281250000014
5 1.3638728125000001 1 1.26213765625 -0.3089188125000003 -0.036387281250000014
6 1.227607046875 1 1.227607046875 -0.3453060937500003 -0.036387281250000014
6 1.227607046875 1 1.20442694359375 -0.23180103281250017 0.11350506093750015
6 1.227607046875 1 1.17897076984375 -0.25456173750000016 -0.0227607046875
6 1.227607046875 1 1.151238525625 -0.2773224421875002 -0.0227607046875
6 1.227607046875 1 1.1212302109374999 -0.3000831468750002 -0.0227607046875
7 1.0889458257812499 1 1.0889458257812499 -0.32284385156250023 -0.0227607046875
7 1.0889458257812499 1 1.0696381044765624 -0.19307721304687508 0.12976663851562514
7 1.0889458257812499 1 1.0494409249140624 -0.20197179562500006 -0.008894582578124989
7 1.0889458257812499 1 1.0283542870937499 -0.21086637820312504 -0.008894582578124989
7 1.0889458257812499 1 1.0063781910156249 -0.21976096078125001 -0.008894582578124989
8 0.9835126366796874 1 0.9835126366796874 -0.228655543359375 -0.008894582578124989
8 0.9835126366796874 1 0.9713552748871093 -0.1215736179257812 0.10708192543359378
8 0.9835126366796874 1 0.9593627867277342 -0.11992488159374994 0.0016487363320312643
8 0.9835126366796874 1 0.9475351722015624 -0.11827614526171867 0.0016487363320312643
8 0.9835126366796874 1 0.9358724313085937 -0.11662740892968741 0.0016487363320312643
9 0.924374564048828 1 0.924374564048828 -0.11497867259765615 0.0016487363320312643
9 0.924374564048828 1 0.91954675841166 -0.048278056371679604 0.06670061622597655
9 0.924374564048828 1 0.9154752071340038 -0.04071551277656241 0.0075625435951172
9 0.924374564048828 1 0.9121599102158593 -0.03315296918144521 0.0075625435951172
9 0.924374564048828 1 0.9096008676572265 -0.02559042558632801 0.0075625435951172
10 0.9077980794581054 1 0.9077980794581054 -0.01802788199121081 0.0075625435951172
10 0.9077980794581054 1 0.9085749589234755 0.0077687946537012345 0.025796676644912045
10 0.9077980794581054 1 0.9102738575942646 0.016988986707890695 0.009220192054189459
10 0.9077980794581054 1 0.9128947754704726 0.026209178762080156 0.009220192054189459
10 0.9077980794581054 1 0.9164377125520996 0.035429370816269616 0.009220192054189459
11 0.9209026688391455 1 0.9209026688391455 0.04464956287045908 0.009220192054189459
11 0.9209026688391455 1 0.9248481394996959 0.03945470660550444 -0.005194856264954639
11 0.9209026688391455 1 0.9295845834718549 0.047364439721589886 0.007909733116085449
11 0.9209026688391455 1 0.9351120007556224 0.055274172837675335 0.007909733116085449
11 0.9209026688391455 1 0.9414303913509985 0.06318390595376078 0.007909733116085449
12 0.9485397552579831 1 0.9485397552579831 0.07109363906984623 0.007909733116085449
12 0.9485397552579831 1 0.9534000129705041 0.048602577125210364 -0.02249106194463586
12 0.9485397552579831 1 0.9587748731304453 0.053748601599412055 0.005146024474201694
12 0.9485397552579831 1 0.9646643357378066 0.058894626073613746 0.005146024474201694
12 0.9485397552579831 1 0.9710684007925882 0.06404065054781544 0.005146024474201694
13 0.9779870682947899 1 0.9779870682947899 0.06918667502201713 0.005146024474201694
13 0.9779870682947899 1 0.982181133810363 0.04194065515573134 -0.027246019866285796
13 0.9779870682947899 1 0.9865953286429883 0.04414194832625235 0.0022012931705210127
13 0.9779870682947899 1 0.9912296527926656 0.046343241496773366 0.0022012931705210127
13 0.9779870682947899 1 0.996084106259395 0.04854453466729438 0.0022012931705210127
14 1.0011586890431765 1 1.0011586890431765 0.050745827837815394 0.0022012931705210127
14 1.0011586890431765 1 1.0039045228616876 0.02745833818511111 -0.023287489652704284
14 1.0011586890431765 1 1.006638769789767 0.02734246928079346 -1.1586890431765086E-4
14 1.0011586890431765 1 1.0093614298274145 0.02722660037647581 -1.1586890431765086E-4
14 1.0011586890431765 1 1.0120725029746303 0.02711073147215816 -1.1586890431765086E-4
15 1.0147719892314142 1 1.0147719892314142 0.02699486256784051 -1.1586890431765086E-4
15 1.0147719892314142 1 1.0159624255770603 0.011904363456461392 -0.015090499111379118
15 1.0147719892314142 1 1.0170051420303923 0.01042716453331997 -0.0014771989231414208
15 1.0147719892314142 1 1.0179001385914102 0.00894996561017855 -0.0014771989231414208
15 1.0147719892314142 1 1.018647415260114 0.00747276668703713 -0.0014771989231414208
16 1.0192469720365036 1 1.0192469720365036 0.005995567763895709 -0.0014771989231414208
16 1.0192469720365036 1 1.019206560812019 -4.04112244844052E-4 -0.006399680008739761
16 1.0192469720365036 1 1.0189736798671696 -0.002328809448494413 -0.0019246972036503609
16 1.0192469720365036 1 1.018548329201955 -0.004253506652144774 -0.0019246972036503609
16 1.0192469720365036 1 1.0179305088163755 -0.006178203855795135 -0.0019246972036503609
17 1.017120218710431 1 1.017120218710431 -0.008102901059445496 -0.0019246972036503609
17 1.017120218710431 1 1.0163514017499893 -0.007688169604415881 4.1473145502961533E-4
17 1.017120218710431 1 1.0154113826024433 -0.009400191475458971 -0.0017120218710430903
17 1.017120218710431 1 1.014300161267793 -0.011112213346502062 -0.0017120218710430903
17 1.017120218710431 1 1.0130177377460385 -0.012824235217545152 -0.0017120218710430903
18 1.0115641120371797 1 1.0115641120371797 -0.014536257088588241 -0.0017120218710430903
18 1.0115641120371797 1 1.0105504558752743 -0.01013656161905497 0.004399695469533271
18 1.0115641120371797 1 1.0094211585929969 -0.011292972822772935 -0.0011564112037179663
18 1.0115641120371797 1 1.0081762201903477 -0.0124493840264909 -0.0011564112037179663
18 1.0115641120371797 1 1.0068156406673268 -0.013605795230208866 -0.0011564112037179663
19 1.005339420023934 1 1.005339420023934 -0.014762206433926832 -0.0011564112037179663
19 1.005339420023934 1 1.0044322743816265 -0.009071456423074635 0.005690750010852197
19 1.005339420023934 1 1.0034717345390798 -0.00960539842546804 -5.33942002393406E-4
19 1.005339420023934 1 1.0024578004962936 -0.010139340427861446 -5.33942002393406E-4
19 1.005339420023934 1 1.001390472253268 -0.010673282430254852 -5.33942002393406E-4
20 1.0002697498100033 1 1.0002697498100033 -0.011207224432648258 -5.33942002393406E-4
20 1.0002697498100033 1 0.9996532968900315 -0.006164529199717796 0.005042695232930461
20 1.0002697498100033 1 0.9990341464719596 -0.006191504180718123 -2.697498100032725E-5
20 1.0002697498100033 1 0.9984122985557878 -0.00621847916171845 -2.697498100032725E-5
20 1.0002697498100033 1 0.9977877531415159 -0.006245454142718777 -2.697498100032725E-5
21 0.997160510229144 1 0.997160510229144 -0.006272429123719104 -2.697498100032725E-5
21 0.997160510229144 1 0.9968725861725666 -0.0028792405657742117 0.0033931885579448927
21 0.997160510229144 1 0.9966130570136977 -0.00259529158868861 2.8394897708560184E-4
21 0.997160510229144 1 0.9963819227525375 -0.0023113426116030083 2.8394897708560184E-4
21 0.997160510229144 1 0.9961791833890857 -0.0020273936345174067 2.8394897708560184E-4
22 0.9960048389233426 1 0.9960048389233426 -0.0017434446574318048 2.8394897708560184E-4
22 0.9960048389233426 1 0.9959860131989461 -1.88257243964653E-4 0.0015551874134671518
22 0.9960048389233426 1 0.9960071390853162 2.112588637010898E-4 3.995161076657428E-4
22 0.9960048389233426 1 0.9960682165824529 6.107749713668326E-4 3.995161076657428E-4
22 0.9960048389233426 1 0.9961692456903561 0.0010102910790325754 3.995161076657428E-4
23 0.996310226409026 1 0.996310226409026 0.0014098071866983182 3.995161076657428E-4
23 0.996310226409026 1 0.9964575661150372 0.00147339706011229 6.358987341397175E-5
23 0.996310226409026 1 0.9966418035569582 0.0018423744192096899 3.6897735909739997E-4
23 0.996310226409026 1 0.9968629387347889 0.00221135177830709 3.6897735909739997E-4
23 0.996310226409026 1 0.9971209716485294 0.00258032913740449 3.6897735909739997E-4
24 0.9974159022981796 1 0.9974159022981796 0.0029493064965018896 3.6897735909739997E-4
24 0.9974159022981796 1 0.9976261063359326 0.002102040377530377 -8.472661189715125E-4
24 0.9974159022981796 1 0.9978621513507039 0.0023604501477124213 2.5840977018204425E-4
24 0.9974159022981796 1 0.9981240373424933 0.0026188599178944656 2.5840977018204425E-4
24 0.9974159022981796 1 0.998411764311301 0.00287726968807651 2.5840977018204425E-4
25 0.9987253322571268 1 0.9987253322571268 0.003135679458258554 2.5840977018204425E-4
25 0.9987253322571268 1 0.9989207038844866 0.0019537162735986475 -0.0011819631846599066
25 0.9987253322571268 1 0.9991288221892752 0.002081183047885969 1.2746677428732145E-4
25 0.9987253322571268 1 0.9993496871714925 0.0022086498221732904 1.2746677428732145E-4
25 0.9987253322571268 1 0.9995832988311386 0.002336116596460612 1.2746677428732145E-4
26 0.9998296571682134 1 0.9998296571682134 0.0024635833707479333 1.2746677428732145E-4
26 0.9998296571682134 1 0.9999672864424973 0.0013762927428400114 -0.001087290627907922
26 0.9998296571682134 1 1.0001066191450991 0.0013933270260186744 1.7034283178662956E-5
26 0.9998296571682134 1 1.0002476552760189 0.0014103613091973374 1.7034283178662956E-5
26 0.9998296571682134 1 1.0003903948352564 0.0014273955923760004 1.7034283178662956E-5
27 1.0005348378228118 1 1.0005348378228118 0.0014444298755546634 1.7034283178662956E-5
27 1.0005348378228118 1 1.0006034143666793 6.85765438675022E-4 -7.586644368796413E-4
27 1.0005348378228118 1 1.0006666425323187 6.322816563938392E-4 -5.3483782281182895E-5
27 1.0005348378228118 1 1.00072452231973 5.787978741126563E-4 -5.3483782281182895E-5
27 1.0005348378228118 1 1.0007770537289131 5.253140918314734E-4 -5.3483782281182895E-5
28 1.000824236759868 1 1.000824236759868 4.718303095502906E-4 -5.3483782281182895E-5
28 1.000824236759868 1 1.0008342375295187 1.000076965072193E-4 -3.718226130430713E-4
28 1.000824236759868 1 1.0008359959315707 1.7584020520410186E-5 -8.242367598680911E-5
28 1.000824236759868 1 1.000829511966024 -6.483965546639892E-5 -8.242367598680911E-5
28 1.000824236759868 1 1.0008147856328786 -1.4726333145320805E-4 -8.242367598680911E-5
29 1.0007918169321346 1 1.0007918169321346 -2.2968700744001715E-4 -8.242367598680911E-5
29 1.0007918169321346 1 1.0007641720448426 -2.764488729199778E-4 -4.676186547996064E-5
29 1.0007918169321346 1 1.0007286089882292 -3.55630566133437E-4 -7.918169321345925E-5
29 1.0007918169321346 1 1.0006851277622946 -4.3481225934689625E-4 -7.918169321345925E-5
29 1.0007918169321346 1 1.0006337283670386 -5.139939525603555E-4 -7.918169321345925E-5
